UntitledPath  
426
0.000031227061997773896 0.012490824799109557 2.4981649598219113 499.63299196438226 0 0.005 23.000031227062 173
0.000156135309987937 0.024981649598032618 2.4981649597846123 -7.459810547061352e-9 0 0.005 23.00015613530999 173
0.0004371788679675803 0.05620871159592866 6.245412399579209 749.4494879589192 0 0.005 23.00043717886797 173
0.0009368118599317854 0.09992659839284102 8.74357735938247 499.63299196065236 0 0.005 23.000936811859933 173
0.0017174884098756337 0.15613530998876968 11.241742319185732 499.63299196065236 0 0.005 23.001717488409877 173
0.002841662641794207 0.22483484638371465 13.739907278988994 499.63299196065236 0 0.005 23.002841662641796 173
0.0043717886796861396 0.30602520757838647 16.238072238934365 499.63299198907407 0 0.005 23.004371788679688 173
0.00637032064754296 0.39970639357136406 18.736237198595518 499.63299193223065 0 0.005 23.006370320647545 173
0.008899712669363301 0.5058784043640685 21.234402158540888 499.63299198907407 0 0.005 23.008899712669365 173
0.012022418869142248 0.6245412399557893 23.73256711834415 499.63299196065236 0 0.005 23.012022418869144 173
0.015800893370871327 0.7556949003458158 26.230732078005303 499.63299193223065 0 0.005 23.015800893370873 173
0.020297590298552725 0.8993393855362797 28.728897038092782 499.6329920174958 0 0.005 23.020297590298554 173
0.02557496377617442 1.0554746955243388 31.227061997611827 499.63299190380894 0 0.005 23.025574963776176 173
0.0316954679277386 1.2241008303128353 33.725226957699306 499.6329920174958 0 0.005 23.03169546792774 173
0.03872155687723679 1.4052177898996376 36.22339191736046 499.63299193223065 0 0.005 23.03872155687724 173
0.04671568474866762 1.5988255742861668 38.72155687730583 499.63299198907407 0 0.005 23.04671568474867 173
0.05574030566602618 1.8049241834717122 41.21972183710909 499.63299196065236 0 0.005 23.055740305666028 173
0.065857873753304 2.0235136174555635 43.717886796770244 499.63299193223065 0 0.005 23.065857873753306 173
0.07713084313449971 2.2545938762391415 46.216051756715615 499.63299198907407 0 0.005 23.0771308431345 173
0.08962166793360839 2.498164959821736 48.71421671651888 499.63299196065236 0 0.005 23.08962166793361 173
0.10339280227462867 2.754226868204057 51.21238167646425 499.63299198907407 0 0.005 23.10339280227463 173
0.11850670028154854 3.0227796013839736 53.71054663598329 499.63299190380894 0 0.005 23.11850670028155 173
0.13502581607837372 3.303823159365038 56.20871159621288 499.6329920459175 0 0.005 23.135025816078375 173
0.15301260378908865 3.597357542142987 58.706876555589815 499.63299187538723 0 0.005 23.15301260378909 173
0.17252951753769907 3.903382749722084 61.2050415158194 499.6329920459175 0 0.005 23.1725295175377 173
0.19363901144819295 4.221898782098776 63.70320647533845 499.63299190380894 0 0.005 23.193639011448195 173
0.21640353964457248 4.552905639275906 66.20137143542593 499.6329920174958 0 0.005 23.216403539644574 173
0.24088555625082564 4.896403321250631 68.69953639494497 499.63299190380894 0 0.005 23.240885556250827 173
0.2671475153909546 5.252391828025793 71.19770135503245 499.6329920174958 0 0.005 23.267147515390956 173
0.2952518711889509 5.620871159599261 73.6958663146936 499.63299193223065 0 0.005 23.295251871188952 173
0.32526107776880964 6.001841315971745 76.19403127449687 499.63299196065236 0 0.005 23.32526107776881 173
0.3572375892545294 6.395302297143957 78.69219623444224 499.63299198907407 0 0.005 23.35723758925453 173
0.3912438597701089 6.801254103115895 81.1903611943876 499.63299198907407 0 0.005 23.39124385977011 173
0.42734234343953603 7.219696733885428 83.68852615390665 499.63299190380894 0 0.005 23.427342343439538 173
0.46559549438680947 7.650630189454688 86.18669111385202 499.63299198907407 0 0.005 23.46559549438681 173
0.5060657667359278 8.094054469823675 88.68485607379739 499.63299198907407 0 0.005 23.50606576673593 173
0.5488156146108827 8.549969574990968 91.18302103345854 499.63299193223065 0 0.005 23.548815614610884 173
0.5939074921356691 9.018375504957277 93.6811859932618 499.63299196065236 0 0.005 23.59390749213567 173
0.6414038534342856 9.499272259723313 96.17935095320718 499.63299198907407 0 0.005 23.641403853434287 173
0.6913671526307239 9.992659839287654 98.67751591286833 499.63299193223065 0 0.005 23.691367152630725 173
0.7438286167869868 10.49229283125257 99.92659839298312 249.81649602295875 0 0.005 23.74382861678699 173
0.7987882459030706 10.991925823216775 99.92659839284102 -2.8421709430404007e-8 0 0.005 23.798788245903072 173
0.8562460399789791 11.49155881518169 99.92659839298312 2.8421709430404007e-8 0 0.005 23.85624603997898 173
0.9162019990147086 11.991191807145896 99.92659839284102 -2.8421709430404007e-8 0 0.005 23.91620199901471 173
0.9786561230102555 12.49082479910939 99.9265983926989 -2.8421709430404007e-8 0 0.005 23.978656123010257 173
1.0436084119656306 12.990457791075016 99.92659839312523 8.526512829121202e-8 0 0.005 24.043608411965632 173
1.1110588658808231 13.49009078303851 99.9265983926989 -8.526512829121202e-8 0 0.005 24.111058865880825 173
1.1810074847558403 13.989723775003426 99.92659839298312 5.6843418860808015e-8 0 0.005 24.181007484755842 173
1.2534542685906784 14.489356766967632 99.92659839284102 -2.8421709430404007e-8 0 0.005 24.25345426859068 173
1.3283992173853376 14.988989758931837 99.92659839284102 0 0 0.005 24.32839921738534 173
1.4058423311398214 15.488622750896752 99.92659839298312 2.8421709430404007e-8 0 0.005 24.405842331139823 173
1.4857836098541262 15.988255742860957 99.92659839284102 -2.8421709430404007e-8 0 0.005 24.485783609854128 173
1.568223053528252 16.487888734825162 99.92659839284102 0 0 0.005 24.568223053528254 173
1.6531606621622024 16.987521726790078 99.92659839298312 2.8421709430404007e-8 0 0.005 24.653160662162204 173
1.7405964357559702 17.487154718753573 99.9265983926989 -5.6843418860808015e-8 0 0.005 24.740596435755972 173
1.8305303743095627 17.986787710718488 99.92659839298312 5.6843418860808015e-8 0 0.005 24.830530374309564 173
1.9229624778229797 18.486420702683404 99.92659839298312 0 0 0.005 24.92296247782298 173
2.017892746296214 18.9860536946469 99.9265983926989 -5.6843418860808015e-8 0 0.005 25.017892746296216 173
2.115321179729273 19.485686686611814 99.92659839298312 5.6843418860808015e-8 0 0.005 25.115321179729275 173
2.215247778122153 19.98531967857602 99.92659839284102 -2.8421709430404007e-8 0 0.005 25.215247778122155 173
2.317672541474858 20.484952670540935 99.92659839298312 2.8421709430404007e-8 0 0.005 25.31767254147486 173
2.42259546978738 20.98458566250443 99.9265983926989 -5.6843418860808015e-8 0 0.005 25.42259546978738 173
2.5300165630597267 21.484218654469345 99.92659839298312 5.6843418860808015e-8 0 0.005 25.53001656305973 173
2.639935821291898 21.98385164643426 99.92659839298312 0 0 0.005 25.6399358212919 173
2.7523532444838867 22.483484638397755 99.9265983926989 -5.6843418860808015e-8 0 0.005 25.75235324448389 173
2.8672688326357 22.98311763036267 99.92659839298312 5.6843418860808015e-8 0 0.005 25.867268832635702 173
2.9846825857472954 23.48275062231906 99.92659839127782 -3.410605131648481e-7 0 0.005 25.984682585747297 173
3.1045945038187117 23.982383614283265 99.92659839284102 3.126388037344441e-7 0 0.005 26.104594503818713 173
3.227004586849949 24.48201660624747 99.92659839284102 0 0 0.005 26.22700458684995 173
3.351912834841004 24.981649598210964 99.9265983926989 -2.8421709430404007e-8 0 0.005 26.351912834841006 173
3.4793192477918833 25.48128259017588 99.92659839298312 5.6843418860808015e-8 0 0.005 26.479319247791885 173
3.6092238257025837 25.980915582140085 99.92659839284102 -2.8421709430404007e-8 0 0.005 26.609223825702585 173
3.741626568573105 26.48054857410429 99.92659839284102 0 0 0.005 26.741626568573107 173
3.8765274764034476 26.980181566068495 99.92659839284102 0 0 0.005 26.87652747640345 173
4.013926549193611 27.4798145580327 99.92659839284102 0 0 0.005 27.013926549193613 173
4.153823786943596 27.979447549996905 99.92659839284102 0 0 0.005 27.153823786943597 173
4.296219189653398 28.4790805419604 99.9265983926989 -2.8421709430404007e-8 0 0.005 27.2962191896534 173
4.441112757323028 28.978713533926026 99.92659839312523 8.526512829121202e-8 0 0.005 27.44111275732303 173
4.588504489952475 29.47834652588952 99.9265983926989 -8.526512829121202e-8 0 0.005 27.588504489952477 173
4.738394387541744 29.977979517853726 99.92659839284102 2.8421709430404007e-8 0 0.005 27.738394387541746 173
4.890782450090834 30.47761250981793 99.92659839284102 0 0 0.005 27.890782450090835 173
5.045668677599744 30.977245501782136 99.92659839284102 0 0 0.005 28.045668677599746 173
5.203053070068476 31.47687849374634 99.92659839284102 0 0 0.005 28.203053070068478 173
5.362935627497029 31.976511485710546 99.92659839284102 0 0 0.005 28.36293562749703 173
5.525316349885406 32.47614447767546 99.92659839298312 2.8421709430404007e-8 0 0.005 28.525316349885408 173
5.690195237233601 32.975777469638956 99.9265983926989 -5.6843418860808015e-8 0 0.005 28.690195237233603 173
5.857572289541691 33.47541046161808 99.9265983958253 6.252776074688882e-7 0 0.005 28.857572289541693 173
6.027447506809649 33.975043453591525 99.92659839468843 -2.2737367544323206e-7 0 0.005 29.02744750680965 173
6.199820889037428 34.47467644555573 99.92659839284102 -3.694822225952521e-7 0 0.005 29.19982088903743 173
6.374692436225031 34.974309437520645 99.92659839298312 2.8421709430404007e-8 0 0.005 29.374692436225033 173
6.552062148372455 35.47394242948485 99.92659839284102 -2.8421709430404007e-8 0 0.005 29.552062148372457 173
6.7319300254797 35.973575421449056 99.92659839284102 0 0 0.005 29.731930025479702 173
6.91429606754677 36.47320841341397 99.92659839298312 2.8421709430404007e-8 0 0.005 29.914296067546772 173
7.099160274573665 36.97284140537889 99.92659839298312 0 0 0.005 30.099160274573666 173
7.286522646560384 37.4724743973438 99.92659839298312 0 0 0.005 30.286522646560385 173
7.47638318350692 37.9721073893073 99.9265983926989 -5.6843418860808015e-8 0 0.005 30.476383183506922 173
7.668741885413281 38.47174038127221 99.92659839298312 5.6843418860808015e-8 0 0.005 30.668741885413283 173
7.863598752279467 38.97137337323713 99.92659839298312 0 0 0.005 30.86359875227947 173
8.060953784105473 39.47100636520133 99.92659839284102 -2.8421709430404007e-8 0 0.005 31.060953784105475 173
8.260806980891305 39.97063935716625 99.92659839298312 2.8421709430404007e-8 0 0.005 31.260806980891306 173
8.463158342636957 40.470272349130454 99.92659839284102 -2.8421709430404007e-8 0 0.005 31.46315834263696 173
8.66800786934243 40.96990534109466 99.92659839284102 0 0 0.005 31.668007869342432 173
8.875355561007732 41.469538333060285 99.92659839312523 5.6843418860808015e-8 0 0.005 31.875355561007733 173
9.085201417632858 41.9691713250252 99.92659839298312 -2.8421709430404007e-8 0 0.005 32.08520141763286 173
9.297545439217798 42.468804316987985 99.9265983925568 -8.526512829121202e-8 0 0.005 32.2975454392178 173
9.51238762576257 42.96843730895432 99.92659839326734 1.4210854715202004e-7 0 0.005 32.51238762576257 173
9.729727977267158 43.468070300917816 99.9265983926989 -1.1368683772161603e-7 0 0.005 32.72972797726716 173
9.949566493731565 43.96770329288131 99.9265983926989 0 0 0.005 32.94956649373157 173
10.171903175155803 44.46733628484765 99.92659839326734 1.1368683772161603e-7 0 0.005 33.171903175155805 173
10.396738021539866 44.96696927681256 99.92659839298312 -5.6843418860808015e-8 0 0.005 33.39673802153987 173
10.624071032883746 45.46660226877606 99.9265983926989 -5.6843418860808015e-8 0 0.005 33.62407103288375 173
10.853902209187451 45.96623526074097 99.92659839298312 5.6843418860808015e-8 0 0.005 33.85390220918745 173
11.08623155045098 46.46586825270589 99.92659839298312 0 0 0.005 34.08623155045098 173
11.321059056674327 46.96550124466938 99.9265983926989 -5.6843418860808015e-8 0 0.005 34.32105905667433 173
11.55838472785742 47.46513423661867 99.92659838985674 -5.684341886080801e-7 0 0.005 34.55838472785742 173
11.798208564000083 47.96476722853242 99.92659838275131 -0.0000014210854715202004 0 0.005 34.798208564000085 173
12.040530565102562 48.46440022049592 99.9265983926989 0.0000019895196601282805 0 0.005 35.040530565102564 173
12.285350731164867 48.96403321246083 99.92659839298312 5.6843418860808015e-8 0 0.005 35.28535073116487 173
12.532669062186988 49.46366620442433 99.9265983926989 -5.6843418860808015e-8 0 0.005 35.53266906218699 173
12.782485558168927 49.96329919638782 99.9265983926989 0 0 0.005 35.78248555816893 173
13.034800219110691 50.46293218835274 99.92659839298312 5.6843418860808015e-8 0 0.005 36.03480021911069 173
13.289613045012272 50.96256518031623 99.9265983926989 -5.6843418860808015e-8 0 0.005 36.289613045012274 173
13.546924035873671 51.46219817227973 99.9265983926989 0 0 0.005 36.54692403587367 173
13.806733191694887 51.96183116424322 99.9265983926989 0 0 0.005 36.80673319169489 173
14.069040512475928 52.46146415620814 99.92659839298312 5.6843418860808015e-8 0 0.005 37.06904051247593 173
14.333845998216786 52.96109714817163 99.9265983926989 -5.6843418860808015e-8 0 0.005 37.33384599821679 173
14.601149648917461 53.46073014013513 99.9265983926989 0 0 0.005 37.60114964891746 173
14.870951464577955 53.96036313209862 99.9265983926989 0 0 0.005 37.870951464577956 173
15.143251445198272 54.45999612406354 99.92659839298312 5.6843418860808015e-8 0 0.005 38.143251445198274 173
15.418049590778407 54.95962911602703 99.9265983926989 -5.6843418860808015e-8 0 0.005 38.41804959077841 173
15.695345901318367 55.45926210799195 99.92659839298312 5.6843418860808015e-8 0 0.005 38.69534590131837 173
15.975140376818137 55.95889509995402 99.92659839241469 -1.1368683772161603e-7 0 0.005 38.97514037681814 173
16.257433017277734 56.458528091918936 99.92659839298312 1.1368683772161603e-7 0 0.005 39.257433017277734 173
16.542223822697146 56.95816108388243 99.9265983926989 -5.6843418860808015e-8 0 0.005 39.542223822697146 173
16.829512793076375 57.457794075845925 99.9265983926989 0 0 0.005 39.829512793076375 173
17.11929992841543 57.95742706781084 99.92659839298312 5.6843418860808015e-8 0 0.005 40.11929992841543 173
17.4115852287143 58.457060059774335 99.9265983926989 -5.6843418860808015e-8 0 0.005 40.4115852287143 173
17.70636869397299 58.95669305173783 99.9265983926989 0 0 0.005 40.70636869397299 173
18.003650324191497 59.456326043701324 99.9265983926989 0 0 0.005 41.0036503241915 173
18.30343011936983 59.95595903566624 99.92659839298312 5.6843418860808015e-8 0 0.005 41.30343011936983 173
18.605708079507977 60.455592027629734 99.9265983926989 -5.6843418860808015e-8 0 0.005 41.60570807950798 173
18.91048420460595 60.95522501959465 99.92659839298312 5.6843418860808015e-8 0 0.005 41.91048420460595 173
19.21775849466374 61.454858011558144 99.9265983926989 -5.6843418860808015e-8 0 0.005 42.21775849466374 173
19.52753094968135 61.95449100352164 99.9265983926989 0 0 0.005 42.52753094968135 173
19.839801569658768 62.45412399548371 99.92659839241469 -5.6843418860808015e-8 0 0.005 42.83980156965877 173
20.154570354596018 62.95375698745005 99.92659839326734 1.7053025658242404e-7 0 0.005 43.15457035459602 173
20.47183730449308 63.45338997941212 99.92659839241469 -1.7053025658242404e-7 0 0.005 43.47183730449308 173
20.79160241934997 63.95302297137846 99.92659839326734 1.7053025658242404e-7 0 0.005 43.79160241934997 173
21.113865699166666 64.45265596333911 99.92659839213047 -2.2737367544323206e-7 0 0.005 44.113865699166666 173
21.438627143943194 64.95228895530545 99.92659839326734 2.2737367544323206e-7 0 0.005 44.438627143943194 173
21.76588675367954 65.45192194726894 99.9265983926989 -1.1368683772161603e-7 0 0.005 44.76588675367954 173
22.0956445283757 65.95155493923244 99.9265983926989 0 0 0.005 45.0956445283757 173
22.42790046803168 66.45118793119593 99.9265983926989 0 0 0.005 45.42790046803168 173
22.762654572647477 66.95082092315943 99.9265983926989 0 0 0.005 45.76265457264748 173
23.099906842223106 67.45045391512576 99.92659839326734 1.1368683772161603e-7 0 0.005 46.099906842223106 173
23.43965727675854 67.95008690708642 99.92659839213047 -2.2737367544323206e-7 0 0.005 46.43965727675854 173
23.781905876253802 68.44971989905275 99.92659839326734 2.2737367544323206e-7 0 0.005 46.7819058762538 173
24.126652640708883 68.94935289101625 99.9265983926989 -1.1368683772161603e-7 0 0.005 47.12665264070888 173
24.473897570123782 69.44898588297974 99.9265983926989 0 0 0.005 47.47389757012378 173
24.823640664498498 69.94861887494324 99.9265983926989 0 0 0.005 47.8236406644985 173
25.175881923833032 70.44825186690673 99.9265983926989 0 0 0.005 48.17588192383303 173
25.530621348127383 70.94788485887022 99.9265983926989 0 0 0.005 48.53062134812738 173
25.887858937381566 71.44751785083656 99.92659839326734 1.1368683772161603e-7 0 0.005 48.887858937381566 173
26.247594691595566 71.94715084280006 99.9265983926989 -1.1368683772161603e-7 0 0.005 49.247594691595566 173
26.60982861076937 72.44678383476071 99.92659839213047 -1.1368683772161603e-7 0 0.005 49.60982861076937 173
26.974560694903012 72.94641682672847 99.92659839355156 2.842170943040401e-7 0 0.005 49.97456069490301 173
27.341790943996465 73.44604981869054 99.92659839241469 -2.2737367544323206e-7 0 0.005 50.341790943996465 173
27.711519358049735 73.94568281065403 99.9265983926989 5.6843418860808015e-8 0 0.005 50.711519358049735 173
28.08374593706283 74.44531580261895 99.92659839298312 5.6843418860808015e-8 0 0.005 51.08374593706283 173
28.458470681035735 74.94494879458102 99.92659839241469 -1.1368683772161603e-7 0 0.005 51.458470681035735 173
28.83569358996847 75.44458178654736 99.92659839326734 1.7053025658242404e-7 0 0.005 51.83569358996847 173
29.215414663861026 75.94421477851085 99.9265983926989 -1.1368683772161603e-7 0 0.005 52.215414663861026 173
29.597633902713397 76.44384777047435 99.9265983926989 0 0 0.005 52.5976339027134 173
29.98232007946359 76.93723535003869 98.67751591286833 -249.81649596611533 0 0.005 52.98232007946359 173
30.3694107399876 77.41813210480188 96.17935095263874 -499.6329920459175 0 0.005 53.3694107399876 173
30.758843430161456 77.88653803477104 93.68118599383024 -499.6329917617004 0 0.005 53.758843430161456 173
31.150555695861136 78.3424531399362 91.18302103303222 -499.6329921596043 0 0.005 54.15055569586114 173
31.54448508296266 78.78587742030447 88.68485607365528 -499.63299187538723 0 0.005 54.54448508296266 173
31.940569137342024 79.21681087587302 86.18669111370991 -499.63299198907407 0 0.005 54.940569137342024 173
32.33874540487524 79.63525350664327 83.68852615404876 -499.63299193223065 0 0.005 55.33874540487524 173
32.73895143143831 80.04120531261378 81.19036119410339 -499.63299198907407 0 0.005 55.73895143143831 173
33.14112476290723 80.43466629378457 78.69219623415802 -499.63299198907407 0 0.005 56.14112476290723 173
33.545202945158024 80.81563645015848 76.19403127478108 -499.63299187538723 0 0.005 56.545202945158024 173
33.95112352406668 81.18411578173124 73.6958663145515 -499.6329920459175 0 0.005 56.95112352406668 173
34.35882404550921 81.54010428850569 71.19770135489034 -499.63299193223065 0 0.005 57.35882404550921 173
34.76824205536161 81.88360197048041 68.69953639494497 -499.63299198907407 0 0.005 57.76824205536161 173
35.1793150994999 82.21460882765825 66.20137143556803 -499.63299187538723 0 0.005 58.1793150994999 173
35.59198072380006 82.5331248600321 63.70320647477001 -499.6329921596043 0 0.005 58.59198072380006 173
36.00617647413812 82.83915006761191 61.20504151596151 -499.6329917617004 0 0.005 59.00617647413812 173
36.421839896390075 83.13268445039057 58.706876555731924 -499.6329920459175 0 0.005 59.421839896390075 173
36.83890853643192 83.4137280083695 56.20871159578655 -499.63299198907407 0 0.005 59.83890853643192 173
37.25731994013967 83.68228074155013 53.7105466361254 -499.63299193223065 0 0.005 60.25731994013967 173
37.677011653389336 83.93834264993245 51.21238167646425 -499.63299193223065 0 0.005 60.677011653389336 173
38.097921222056904 84.18191373351362 48.71421671623466 -499.6329920459175 0 0.005 61.097921222056904 173
38.51998619201839 84.41299399229791 46.21605175685772 -499.63299187538723 0 0.005 61.51998619201839 173
38.943144109149806 84.63158342628248 43.71788679691235 -499.63299198907407 0 0.005 61.943144109149806 173
39.36733251932714 84.83768203546731 41.21972183696698 -499.63299198907407 0 0.005 62.36733251932714 173
39.79248896842641 85.03128981985384 38.72155687730583 -499.63299193223065 0 0.005 62.79248896842641 173
40.21855100232361 85.21240677943922 36.22339191707624 -499.6329920459175 0 0.005 63.21855100232361 173
40.645456166894746 85.38103291422772 33.725226957699306 -499.63299187538723 0 0.005 63.645456166894746 173
41.07314200801582 85.53716822421507 31.22706199746972 -499.6329920459175 0 0.005 64.07314200801582 173
41.501546071562856 85.68081270940695 28.728897038377 -499.6329918185438 0 0.005 64.50154607156286 173
41.930605903411845 85.81196636979769 26.230732078147412 -499.6329920459175 0 0.005 64.93060590341184 173
42.36025904943878 85.93062920538728 23.732567117917824 -499.6329920459175 0 0.005 65.36025904943878 173
42.79044305551969 86.0368012161814 21.234402158825105 -499.6329918185438 0 0.005 65.79044305551969 173
43.221095467530546 86.13048240217154 18.736237198027084 -499.6329921596043 0 0.005 66.22109546753055 173
43.65215383134739 86.21167276336905 16.2380722395028 -499.632991704857 0 0.005 66.65215383134739 173
44.083555692846204 86.28037229976258 13.739907278704777 -499.6329921596043 0 0.005 67.0835556928462 173
44.51523859790302 86.33658101136348 11.241742320180492 -499.632991704857 0 0.005 67.51523859790302 173
44.947140092393795 86.3802988981547 8.743577358245602 -499.632992386978 0 0.005 67.9471400923938 173
45.37919772219456 86.41152596015331 6.245412399721317 -499.632991704857 0 0.005 68.37919772219456 173
45.81134903318133 86.43026219735361 3.747247440060164 -499.63299193223065 0 0.005 68.81134903318133 173
46.24352760586983 86.43571453769994 1.0904680692647162 -531.3558741590896 0 0.005 69.24352760586983 173
46.675667020774156 86.42788298086543 -1.5663113669006634 -531.3558872330759 0 0.005 69.67566702077416 173
47.107704823769296 86.40756059902799 -4.064476367489078 -499.63300011768297 0 0.005 70.1077048237693 173
47.5395785607312 86.37474739238087 -6.562641329423968 -499.632992386978 0 0.005 70.5395785607312 173
47.97122577753592 86.32944336094397 -9.060806287379819 -499.63299159117014 0 0.005 70.97122577753592 173
48.40258402005945 86.27164850470592 -11.558971247609406 -499.6329920459175 0 0.005 71.40258402005945 173
48.833590834177784 86.20136282366673 -14.057136207838994 -499.6329920459175 0 0.005 71.83359083417778 173
49.264183765766916 86.11858631782638 -16.55530116806858 -499.6329920459175 0 0.005 72.26418376576692 173
49.69430036070287 86.02331898719058 -19.0534661271613 -499.6329918185438 0 0.005 72.69430036070287 173
50.12387816486165 85.91556083175647 -21.551631086822454 -499.63299193223065 0 0.005 73.12387816486165 173
50.55285472411924 85.79531185151836 -24.049796047620475 -499.6329921596043 0 0.005 73.55285472411924 173
50.98116758435168 85.66257204648764 -26.54796100614476 -499.632991704857 0 0.005 73.98116758435168 173
51.40875429143492 85.51734141664724 -29.04612596807965 -499.632992386978 0 0.005 74.40875429143492 173
51.83555239124502 85.3596199620199 -31.544290925467067 -499.6329914774833 0 0.005 74.83555239124502 173
52.26149942965796 85.18940768258858 -34.04245588626509 -499.6329921596043 0 0.005 75.26149942965796 173
52.686532952549726 85.00670457835326 -36.54062084706311 -499.6329921596043 0 0.005 75.68653295254973 173
53.11059050579637 84.81151064932817 -39.03878580501896 -499.63299159117014 0 0.005 76.11059050579637 173
53.53360963527385 84.60382589549624 -41.53695076638542 -499.63299227329117 0 0.005 76.53360963527385 173
53.95552788685819 84.38365031686885 -44.035115725478136 -499.6329918185438 0 0.005 76.95552788685819 173
54.37628280642538 84.15098391343747 -46.53328068627616 -499.6329921596043 0 0.005 77.37628280642538 173
54.79581193985143 83.90582668521063 -49.031445645368876 -499.6329918185438 0 0.005 77.79581193985143 173
55.21405283301239 83.64817863219116 -51.52961060389316 -499.632991704857 0 0.005 78.21405283301239 173
55.6309430317842 83.37803975436202 -54.02777556582805 -499.632992386978 0 0.005 78.6309430317842 173
56.046420082042886 83.09541005173742 -56.52594052492077 -499.6329918185438 0 0.005 79.04642008204289 173
56.460421529664444 82.80028952431167 -59.02410548515036 -499.6329920459175 0 0.005 79.46042152966444 173
56.872884920524896 82.49267817209045 -61.52227044424308 -499.6329918185438 0 0.005 79.8728849205249 173
57.28374780050024 82.17257599506809 -64.02043540447266 -499.6329920459175 0 0.005 80.28374780050024 173
57.69294771546649 81.83998299325026 -66.51860036356538 -499.6329918185438 0 0.005 80.69294771546649 173
58.100422211299616 81.4948991666256 -69.01676532493184 -499.63299227329117 0 0.005 81.10042221129962 173
58.50610883387566 81.13732451520832 -71.51493028345612 -499.632991704857 0 0.005 81.50610883387566 173
58.90994512907059 80.76725903898705 -74.01309524425415 -499.6329921596043 0 0.005 81.90994512907059 173
59.31186864276047 80.384702737976 -76.51126020221 -499.63299159117014 0 0.005 82.31186864276047 173
59.711816920821235 79.98965561215243 -79.00942516471332 -499.63299250066484 0 0.005 82.71181692082124 173
60.10972750912893 79.58211766153909 -81.50759012266917 -499.63299159117014 0 0.005 83.10972750912893 173
60.50553795355955 79.1620888861246 -84.00575508289876 -499.6329920459175 0 0.005 83.50553795355955 173
60.89918579998911 78.7295692859118 -86.50392004255991 -499.63299193223065 0 0.005 83.89918579998911 173
61.29060859429357 78.28455886089216 -89.00208500392637 -499.63299227329117 0 0.005 84.29060859429357 173
61.67974388234899 77.82705761108275 -91.50024996188222 -499.63299159117014 0 0.005 84.67974388234899 173
62.06652921003135 77.35706553647219 -93.9984149221118 -499.6329920459175 0 0.005 85.06652921003135 173
62.45090212321665 76.87458263706048 -96.4965798823414 -499.6329920459175 0 0.005 85.45090212321665 173
62.8328041331425 76.38040198517047 -98.83613037800387 -467.9100991324958 0 0.005 85.8328041331425 173
63.21220797810852 75.88076899320413 -99.92659839326734 -218.09360305269365 0 0.005 86.21220797810852 173
63.58911365811471 75.38113600123779 -99.92659839326734 0 0 0.005 86.58911365811471 173
63.96352117316107 74.88150300927146 -99.92659839326734 0 0 0.005 86.96352117316107 173
64.3354305232476 74.38187001730512 -99.92659839326734 0 0 0.005 87.3354305232476 173
64.70484170837426 73.8822370253331 -99.92659839440421 -2.2737367544323206e-7 0 0.005 87.70484170837426 173
65.07175472854112 73.38260403337244 -99.92659839213047 4.547473508864641e-7 0 0.005 88.07175472854112 173
65.43616958374814 72.88297104140327 -99.92659839383577 -3.410605131648481e-7 0 0.005 88.43616958374814 173
65.79808627399532 72.38333804943693 -99.92659839326734 1.1368683772161603e-7 0 0.005 88.79808627399532 173
66.15750479928269 71.88370505747343 -99.9265983926989 1.1368683772161603e-7 0 0.005 89.15750479928269 173
66.51442515961021 71.38407206550426 -99.92659839383577 -2.2737367544323206e-7 0 0.005 89.51442515961021 173
66.8688473549779 70.88443907353792 -99.92659839326734 1.1368683772161603e-7 0 0.005 89.8688473549779 173
67.22077138538576 70.38480608157158 -99.92659839326734 0 0 0.005 90.22077138538576 173
67.57019725083377 69.8851730896024 -99.92659839383577 -1.1368683772161603e-7 0 0.005 90.57019725083377 173
67.91712495132197 69.38554009763891 -99.9265983926989 2.2737367544323206e-7 0 0.005 90.91712495132197 173
68.2615544868503 68.88590710566689 -99.92659839440421 -3.410605131648481e-7 0 0.005 91.2615544868503 173
68.60348585741883 68.38627411370624 -99.92659839213047 4.547473508864641e-7 0 0.005 91.60348585741883 173
68.94291906302753 67.8866411217399 -99.92659839326734 -2.2737367544323206e-7 0 0.005 91.94291906302753 173
69.27985410367637 67.38700812976788 -99.92659839440421 -2.2737367544323206e-7 0 0.005 92.27985410367637 173
69.6142909793654 66.88737513780723 -99.92659839213047 4.547473508864641e-7 0 0.005 92.6142909793654 173
69.9462296900946 66.38774214583805 -99.92659839383577 -3.410605131648481e-7 0 0.005 92.9462296900946 173
70.27567023586396 65.88810915387171 -99.92659839326734 1.1368683772161603e-7 0 0.005 93.27567023586396 173
70.60261261667347 65.38847616190253 -99.92659839383577 -1.1368683772161603e-7 0 0.005 93.60261261667347 173
70.92705683252316 64.88884316993904 -99.9265983926989 2.2737367544323206e-7 0 0.005 93.92705683252316 173
71.24900288341301 64.38921017796986 -99.92659839383577 -2.2737367544323206e-7 0 0.005 94.24900288341301 173
71.56845076934303 63.88957718600352 -99.92659839326734 1.1368683772161603e-7 0 0.005 94.56845076934303 173
71.88540049031323 63.38994419404003 -99.9265983926989 1.1368683772161603e-7 0 0.005 94.88540049031323 173
72.19985204632358 62.89031120207085 -99.92659839383577 -2.2737367544323206e-7 0 0.005 95.19985204632358 173
72.51180543737411 62.39067821010451 -99.92659839326734 1.1368683772161603e-7 0 0.005 95.51180543737411 173
72.8212606634648 61.891045218138174 -99.92659839326734 0 0 0.005 95.8212606634648 173
73.12821772459567 61.39141222617468 -99.9265983926989 1.1368683772161603e-7 0 0.005 96.12821772459567 173
73.43267662076669 60.89177923420266 -99.92659839440421 -3.410605131648481e-7 0 0.005 96.43267662076669 173
73.73463735197788 60.392146242239164 -99.9265983926989 3.410605131648481e-7 0 0.005 96.73463735197788 173
74.03409991822923 59.892513250269985 -99.92659839383577 -2.2737367544323206e-7 0 0.005 97.03409991822923 173
74.33106431952075 59.39288025830365 -99.92659839326734 1.1368683772161603e-7 0 0.005 97.33106431952075 173
74.62553055585245 58.893247266340154 -99.9265983926989 1.1368683772161603e-7 0 0.005 97.62553055585245 173
74.9174986272243 58.393614274370975 -99.92659839383577 -2.2737367544323206e-7 0 0.005 97.9174986272243 173
75.20696853363633 57.89398128240464 -99.92659839326734 1.1368683772161603e-7 0 0.005 98.20696853363633 173
75.49394027508852 57.3943482904383 -99.92659839326734 0 0 0.005 98.49394027508852 173
75.77841385158088 56.894715298471965 -99.92659839326734 0 0 0.005 98.77841385158088 173
76.0603892631134 56.395082306502786 -99.92659839383577 -1.1368683772161603e-7 0 0.005 99.0603892631134 173
76.33986650968609 55.89544931453929 -99.9265983926989 2.2737367544323206e-7 0 0.005 99.33986650968609 173
76.61684559129894 55.39581632257011 -99.92659839383577 -2.2737367544323206e-7 0 0.005 99.61684559129894 173
76.89132650795196 54.896183330603776 -99.92659839326734 1.1368683772161603e-7 0 0.005 99.89132650795196 173
77.16330925964516 54.39655033864028 -99.9265983926989 1.1368683772161603e-7 0 0.005 100.16330925964516 173
77.43279384637852 53.8969173466711 -99.92659839383577 -2.2737367544323206e-7 0 0.005 100.43279384637852 173
77.69978026815205 53.39728435470761 -99.9265983926989 2.2737367544323206e-7 0 0.005 100.69978026815205 173
77.96426852496572 52.897651362732745 -99.92659839497264 -4.547473508864641e-7 0 0.005 100.96426852496572 173
78.22625861681958 52.39801837077209 -99.92659839213047 5.684341886080801e-7 0 0.005 101.22625861681958 173
78.48575054371362 51.8983853788086 -99.9265983926989 -1.1368683772161603e-7 0 0.005 101.48575054371362 173
78.7427443056478 51.39875238683658 -99.92659839440421 -3.410605131648481e-7 0 0.005 101.7427443056478 173
78.99723990262217 50.89911939487308 -99.9265983926989 3.410605131648481e-7 0 0.005 101.99723990262217 173
79.24923733463669 50.399486402903904 -99.92659839383577 -2.2737367544323206e-7 0 0.005 102.24923733463669 173
79.49873660169138 49.89985341093757 -99.92659839326734 1.1368683772161603e-7 0 0.005 102.49873660169138 173
79.74573770378623 49.40022041897123 -99.92659839326734 0 0 0.005 102.74573770378623 173
79.99024064092126 48.90058742700489 -99.92659839326734 0 0 0.005 102.99024064092126 173
80.23224541309645 48.40095443503856 -99.92659839326734 0 0 0.005 103.23224541309645 173
80.47175202031181 47.90132144307222 -99.92659839326734 0 0 0.005 103.47175202031181 173
80.70876046256734 47.40168845110588 -99.92659839326734 0 0 0.005 103.70876046256734 173
80.94327073986302 46.902055459136704 -99.92659839383577 -1.1368683772161603e-7 0 0.005 103.94327073986302 173
81.17528285219888 46.40242246717037 -99.92659839326734 1.1368683772161603e-7 0 0.005 104.17528285219888 173
81.4047967995749 45.90278947520403 -99.92659839326734 0 0 0.005 104.4047967995749 173
81.63181258199111 45.40315648324338 -99.92659839213047 2.2737367544323206e-7 0 0.005 104.63181258199111 173
81.85633019944747 44.90352349127136 -99.92659839440421 -4.547473508864641e-7 0 0.005 104.85633019944747 173
82.07834965194398 44.40389049930218 -99.92659839383577 1.1368683772161603e-7 0 0.005 105.07834965194398 173
82.29787093948069 43.904257507341526 -99.92659839213047 3.410605131648481e-7 0 0.005 105.29787093948069 173
82.51489406205754 43.404624515369505 -99.92659839440421 -4.547473508864641e-7 0 0.005 105.51489406205754 173
82.72941901967457 42.90499152340601 -99.9265983926989 3.410605131648481e-7 0 0.005 105.72941901967457 173
82.94144581233176 42.405358531439674 -99.92659839326734 -1.1368683772161603e-7 0 0.005 105.94144581233176 173
83.15097444002912 41.905725539470495 -99.92659839383577 -1.1368683772161603e-7 0 0.005 106.15097444002912 173
83.35800490276665 41.406092547507 -99.9265983926989 2.2737367544323206e-7 0 0.005 106.35800490276665 173
83.56253720054434 40.90645955553782 -99.92659839383577 -2.2737367544323206e-7 0 0.005 106.56253720054434 173
83.7645713333622 40.406826563571485 -99.92659839326734 1.1368683772161603e-7 0 0.005 106.7645713333622 173
83.96410730122022 39.90719357160515 -99.92659839326734 0 0 0.005 106.96410730122022 173
84.1611451041184 39.40756057963597 -99.92659839383577 -1.1368683772161603e-7 0 0.005 107.1611451041184 173
84.35568474205677 38.907927587672475 -99.9265983926989 2.2737367544323206e-7 0 0.005 107.35568474205677 173
84.5477262150353 38.40829459570614 -99.92659839326734 -1.1368683772161603e-7 0 0.005 107.5477262150353 173
84.73726952305397 37.90866160373412 -99.92659839440421 -2.2737367544323206e-7 0 0.005 107.73726952305397 173
84.92431466611285 37.40902861177631 -99.92659839156204 5.684341886080801e-7 0 0.005 107.92431466611285 173
85.10886164421187 36.909395619804286 -99.92659839440421 -5.684341886080801e-7 0 0.005 108.10886164421187 173
85.29091045735106 36.40976262783795 -99.92659839326734 2.2737367544323206e-7 0 0.005 108.29091045735106 173
85.47046110553043 35.910129635874455 -99.9265983926989 1.1368683772161603e-7 0 0.005 108.47046110553043 173
85.64751358874996 35.410496643905276 -99.92659839383577 -2.2737367544323206e-7 0 0.005 108.64751358874996 173
85.82206790700964 34.9108636519361 -99.92659839383577 0 0 0.005 108.82206790700964 173
85.9941240603095 34.4112306599726 -99.9265983926989 2.2737367544323206e-7 0 0.005 108.9941240603095 173
86.16368204864953 33.911597668006266 -99.92659839326734 -1.1368683772161603e-7 0 0.005 109.16368204864953 173
86.33074187202972 33.41196467603709 -99.92659839383577 -1.1368683772161603e-7 0 0.005 109.33074187202972 173
86.49530353045009 32.91233168407359 -99.9265983926989 2.2737367544323206e-7 0 0.005 109.49530353045009 173
86.65736702391061 32.412698692104414 -99.92659839383577 -2.2737367544323206e-7 0 0.005 109.65736702391061 173
86.8169323524113 31.913065700138077 -99.92659839326734 1.1368683772161603e-7 0 0.005 109.8169323524113 173
86.97399951595217 31.413432708174582 -99.9265983926989 1.1368683772161603e-7 0 0.005 109.97399951595217 173
87.12856851453317 30.91379971619972 -99.92659839497264 -4.547473508864641e-7 0 0.005 110.12856851453317 173
87.28063934815438 30.41416672424191 -99.92659839156204 6.821210263296962e-7 0 0.005 110.28063934815438 173
87.43021201681573 29.914533732269888 -99.92659839440421 -5.684341886080801e-7 0 0.005 110.43021201681573 173
87.57728652051728 29.414900740309236 -99.92659839213047 4.547473508864641e-7 0 0.005 110.57728652051728 173
87.72186285925896 28.915267748337214 -99.92659839440421 -4.547473508864641e-7 0 0.005 110.72186285925896 173
87.86394103304082 28.415634756370878 -99.92659839326734 2.2737367544323206e-7 0 0.005 110.86394103304082 173
88.00352104186285 27.916001764407383 -99.9265983926989 1.1368683772161603e-7 0 0.005 111.00352104186285 173
88.14060288572504 27.416368772438204 -99.92659839383577 -2.2737367544323206e-7 0 0.005 111.14060288572504 173
88.2751865646274 26.916735780471868 -99.92659839326734 1.1368683772161603e-7 0 0.005 111.2751865646274 173
88.40727207856993 26.41710278850553 -99.92659839326734 0 0 0.005 111.40727207856993 173
88.53685942755263 25.917469796539194 -99.92659839326734 0 0 0.005 111.53685942755263 173
88.66394861157549 25.417836804572858 -99.92659839326734 0 0 0.005 111.66394861157549 173
88.78853963063851 24.91820381260368 -99.92659839383577 -1.1368683772161603e-7 0 0.005 111.78853963063851 173
88.9106324847417 24.418570820637342 -99.92659839326734 1.1368683772161603e-7 0 0.005 111.9106324847417 173
89.03022717388507 23.918937828673847 -99.9265983926989 1.1368683772161603e-7 0 0.005 112.03022717388507 173
89.14732369806859 23.41930483670467 -99.92659839383577 -2.2737367544323206e-7 0 0.005 112.14732369806859 173
89.26192205729228 22.919671844738332 -99.92659839326734 1.1368683772161603e-7 0 0.005 112.26192205729228 173
89.37402225155613 22.420038852769153 -99.92659839383577 -1.1368683772161603e-7 0 0.005 112.37402225155613 173
89.48362428086017 21.9204058608085 -99.92659839213047 3.410605131648481e-7 0 0.005 112.48362428086017 173
89.59072814520437 21.42077286883932 -99.92659839383577 -3.410605131648481e-7 0 0.005 112.59072814520437 173
89.69533384458873 20.921139876872985 -99.92659839326734 1.1368683772161603e-7 0 0.005 112.69533384458873 173
89.79744137901325 20.421506884903806 -99.92659839383577 -1.1368683772161603e-7 0 0.005 112.79744137901325 173
89.89705074847795 19.92187389294031 -99.9265983926989 2.2737367544323206e-7 0 0.005 112.89705074847795 173
89.99416195298281 19.422240900971133 -99.92659839383577 -2.2737367544323206e-7 0 0.005 112.99416195298281 173
90.08877499252785 18.92260790900764 -99.9265983926989 2.2737367544323206e-7 0 0.005 113.08877499252785 173
90.18088986711304 18.42297491703846 -99.92659839383577 -2.2737367544323206e-7 0 0.005 113.18088986711304 173
90.2705065767384 17.923341925072123 -99.92659839326734 1.1368683772161603e-7 0 0.005 113.2705065767384 173
90.35762512140391 17.423708933102944 -99.92659839383577 -1.1368683772161603e-7 0 0.005 113.35762512140391 173
90.44224550110962 16.92407594114229 -99.92659839213047 3.410605131648481e-7 0 0.005 113.44224550110962 173
90.52436771585548 16.42444294917027 -99.92659839440421 -4.547473508864641e-7 0 0.005 113.52436771585548 173
90.6039917656415 15.924809957203934 -99.92659839326734 2.2737367544323206e-7 0 0.005 113.6039917656415 173
90.68111765046771 15.425176965243281 -99.92659839213047 2.2737367544323206e-7 0 0.005 113.68111765046771 173
90.75574537033405 14.925543973268418 -99.92659839497264 -5.684341886080801e-7 0 0.005 113.75574537033405 173
90.82787492524058 14.425910981304924 -99.9265983926989 4.547473508864641e-7 0 0.005 113.82787492524058 173
90.89750631518727 13.926277989338587 -99.92659839326734 -1.1368683772161603e-7 0 0.005 113.89750631518727 173
90.96463954017416 13.426644997377934 -99.92659839213047 2.2737367544323206e-7 0 0.005 113.96463954017416 173
91.02927460020118 12.927012005403071 -99.92659839497264 -5.684341886080801e-7 0 0.005 114.02927460020118 173
91.09141149526837 12.427379013439577 -99.9265983926989 4.547473508864641e-7 0 0.005 114.09141149526837 173
91.15105022537574 11.92774602147324 -99.92659839326734 -1.1368683772161603e-7 0 0.005 114.15105022537574 173
91.20819079052326 11.428113029504061 -99.92659839383577 -1.1368683772161603e-7 0 0.005 114.20819079052326 173
91.26283319071096 10.928480037540567 -99.9265983926989 2.2737367544323206e-7 0 0.005 114.26283319071096 173
91.31497742593884 10.42884704557423 -99.92659839326734 -1.1368683772161603e-7 0 0.005 114.31497742593884 173
91.36462746156846 9.930007125925044 -99.7679839298371 31.722892686048 0 0.005 114.36462746156846 173
91.41181849002348 9.438205691003532 -98.36028698430255 281.5393891069107 0 0.005 114.41181849002348 173
91.45661296542787 8.958895080877483 -95.86212202520983 499.6329918185438 0 0.005 114.45661296542787 173
91.49907334190564 8.492075295555424 -93.3639570644118 499.6329921596043 0 0.005 114.49907334190564 173
91.53926207358077 8.037746335025986 -90.86579210588752 499.632991704857 0 0.005 114.53926207358077 173
91.57724161457728 7.595908199300538 -88.3676271450895 499.6329921596043 0 0.005 114.57724161457728 173
91.61307441901913 7.1665608883705545 -85.86946218599678 499.6329918185438 0 0.005 114.61307441901913 173
91.64682294103034 6.7497044022417185 -83.3712972257672 499.6329920459175 0 0.005 114.64682294103034 173
91.6785496347349 6.3453387409140305 -80.8731322655376 499.6329920459175 0 0.005 114.6785496347349 173
91.70831695425682 5.953463904381806 -78.37496730644489 499.6329918185438 0 0.005 114.70831695425682 173
91.73618735372008 5.574079892653572 -75.87680234564687 499.6329921596043 0 0.005 114.73618735372008 173
91.76222328724867 5.207186705717959 -73.37863738712258 499.632991704857 0 0.005 114.76222328724867 173
91.7864872089666 4.852784343586336 -70.88047242632456 499.6329921596043 0 0.005 114.7864872089666 173
91.80904157299786 4.510872806250177 -68.38230746723184 499.6329918185438 0 0.005 114.80904157299786 173
91.82994883346645 4.181452093718008 -65.88414250643382 499.6329921596043 0 0.005 114.82994883346645 173
91.84927144449634 3.86452220597846 -63.38597754790953 499.632991704857 0 0.005 114.84927144449634 173
91.86707186021157 3.5600831430457447 -60.88781258654308 499.63299227329117 0 0.005 114.86707186021157 173
91.88341253473611 3.268134904908493 -58.38964762745036 499.6329918185438 0 0.005 114.88341253473611 173
91.89835592219396 2.988677491569547 -55.891482667789205 499.63299193223065 0 0.005 114.89835592219396 173
91.9119644767091 2.7217109030289066 -53.39331770812805 499.63299193223065 0 0.005 114.9119644767091 173
91.92430065240556 2.4672351392922565 -50.89515274733003 499.6329921596043 0 0.005 114.92430065240556 173
91.93542690340732 2.22525020035107 -48.39698778823731 499.6329918185438 0 0.005 114.93542690340732 173
91.94540568383836 1.9957560862081891 -45.89882282857616 499.63299193223065 0 0.005 114.94540568383836 173
91.95429944782269 1.7787527968664563 -43.40065786834657 499.6329920459175 0 0.005 114.95429944782269 173
91.9621706494843 1.5742403323230292 -40.90249290868542 499.63299193223065 0 0.005 114.9621706494843 173
91.96908174294722 1.3822186925835922 -38.404327947887396 499.6329921596043 0 0.005 114.96908174294722 173
91.97509518233541 1.2026878776367766 -35.90616298936311 499.632991704857 0 0.005 114.97509518233541 173
91.98027342177285 1.0356478874882669 -33.40799802970196 499.63299193223065 0 0.005 114.98027342177285 173
91.98467891538357 0.8810987221437472 -30.909833068903936 499.6329921596043 0 0.005 114.98467891538357 173
91.98837411729154 0.7390403815946911 -28.411668109811217 499.6329918185438 0 0.005 114.98837411729154 173
91.99142148162078 0.609472865846783 -25.91350314958163 499.6329920459175 0 0.005 114.99142148162078 173
91.99388346249528 0.49239617490002274 -23.415338189352042 499.6329920459175 0 0.005 114.99388346249528 173
91.99582251403902 0.38781030874872613 -20.917173230259323 499.6329918185438 0 0.005 114.99582251403902 173
91.99730109037603 0.2957152674014196 -18.4190082694613 499.6329921596043 0 0.005 114.99730109037603 173
91.99838164563027 0.2161110508495767 -15.920843310368582 499.6329918185438 0 0.005 114.99838164563027 173
91.99912663392574 0.1489976590931974 -13.422678351275863 499.6329918185438 0 0.005 114.99912663392574 173
91.99959850938643 0.09437509213796602 -10.924513391046276 499.6329920459175 0 0.005 114.99959850938643 173
91.99985972613638 0.05224334998956692 -8.42634842967982 499.63299227329117 0 0.005 114.99985972613638 173
91.99997273829955 0.02260243263378925 -5.928183471155535 499.632991704857 0 0.005 114.99997273829955 173
91.99999999999994 0.005452340079159512 -3.4300185109259473 499.6329920459175 0 0.005 114.99999999999994 173
91.99999999999994 0 -1.0904680158319024 467.910099018809 0 0.005 114.99999999999994 173
0.000031227061997773896 0.012490824799109557 2.4981649598219113 499.63299196438226 0 0.005 23.000031227062 139
0.000156135309987937 0.024981649598032618 2.4981649597846123 -7.459810547061352e-9 0 0.005 23.00015613530999 139
0.0004371788679675803 0.05620871159592866 6.245412399579209 749.4494879589192 0 0.005 23.00043717886797 139
0.0009368118599317854 0.09992659839284102 8.74357735938247 499.63299196065236 0 0.005 23.000936811859933 139
0.0017174884098756337 0.15613530998876968 11.241742319185732 499.63299196065236 0 0.005 23.001717488409877 139
0.002841662641794207 0.22483484638371465 13.739907278988994 499.63299196065236 0 0.005 23.002841662641796 139
0.0043717886796861396 0.30602520757838647 16.238072238934365 499.63299198907407 0 0.005 23.004371788679688 139
0.00637032064754296 0.39970639357136406 18.736237198595518 499.63299193223065 0 0.005 23.006370320647545 139
0.008899712669363301 0.5058784043640685 21.234402158540888 499.63299198907407 0 0.005 23.008899712669365 139
0.012022418869142248 0.6245412399557893 23.73256711834415 499.63299196065236 0 0.005 23.012022418869144 139
0.015800893370871327 0.7556949003458158 26.230732078005303 499.63299193223065 0 0.005 23.015800893370873 139
0.020297590298552725 0.8993393855362797 28.728897038092782 499.6329920174958 0 0.005 23.020297590298554 139
0.02557496377617442 1.0554746955243388 31.227061997611827 499.63299190380894 0 0.005 23.025574963776176 139
0.0316954679277386 1.2241008303128353 33.725226957699306 499.6329920174958 0 0.005 23.03169546792774 139
0.03872155687723679 1.4052177898996376 36.22339191736046 499.63299193223065 0 0.005 23.03872155687724 139
0.04671568474866762 1.5988255742861668 38.72155687730583 499.63299198907407 0 0.005 23.04671568474867 139
0.05574030566602618 1.8049241834717122 41.21972183710909 499.63299196065236 0 0.005 23.055740305666028 139
0.065857873753304 2.0235136174555635 43.717886796770244 499.63299193223065 0 0.005 23.065857873753306 139
0.07713084313449971 2.2545938762391415 46.216051756715615 499.63299198907407 0 0.005 23.0771308431345 139
0.08962166793360839 2.498164959821736 48.71421671651888 499.63299196065236 0 0.005 23.08962166793361 139
0.10339280227462867 2.754226868204057 51.21238167646425 499.63299198907407 0 0.005 23.10339280227463 139
0.11850670028154854 3.0227796013839736 53.71054663598329 499.63299190380894 0 0.005 23.11850670028155 139
0.13502581607837372 3.303823159365038 56.20871159621288 499.6329920459175 0 0.005 23.135025816078375 139
0.15301260378908865 3.597357542142987 58.706876555589815 499.63299187538723 0 0.005 23.15301260378909 139
0.17252951753769907 3.903382749722084 61.2050415158194 499.6329920459175 0 0.005 23.1725295175377 139
0.19363901144819295 4.221898782098776 63.70320647533845 499.63299190380894 0 0.005 23.193639011448195 139
0.21640353964457248 4.552905639275906 66.20137143542593 499.6329920174958 0 0.005 23.216403539644574 139
0.24088555625082564 4.896403321250631 68.69953639494497 499.63299190380894 0 0.005 23.240885556250827 139
0.2671475153909546 5.252391828025793 71.19770135503245 499.6329920174958 0 0.005 23.267147515390956 139
0.2952518711889509 5.620871159599261 73.6958663146936 499.63299193223065 0 0.005 23.295251871188952 139
0.32526107776880964 6.001841315971745 76.19403127449687 499.63299196065236 0 0.005 23.32526107776881 139
0.3572375892545294 6.395302297143957 78.69219623444224 499.63299198907407 0 0.005 23.35723758925453 139
0.3912438597701089 6.801254103115895 81.1903611943876 499.63299198907407 0 0.005 23.39124385977011 139
0.42734234343953603 7.219696733885428 83.68852615390665 499.63299190380894 0 0.005 23.427342343439538 139
0.46559549438680947 7.650630189454688 86.18669111385202 499.63299198907407 0 0.005 23.46559549438681 139
0.5060657667359278 8.094054469823675 88.68485607379739 499.63299198907407 0 0.005 23.50606576673593 139
0.5488156146108827 8.549969574990968 91.18302103345854 499.63299193223065 0 0.005 23.548815614610884 139
0.5939074921356691 9.018375504957277 93.6811859932618 499.63299196065236 0 0.005 23.59390749213567 139
0.6414038534342856 9.499272259723313 96.17935095320718 499.63299198907407 0 0.005 23.641403853434287 139
0.6913671526307239 9.992659839287654 98.67751591286833 499.63299193223065 0 0.005 23.691367152630725 139
0.7438286167869868 10.49229283125257 99.92659839298312 249.81649602295875 0 0.005 23.74382861678699 139
0.7987882459030706 10.991925823216775 99.92659839284102 -2.8421709430404007e-8 0 0.005 23.798788245903072 139
0.8562460399789791 11.49155881518169 99.92659839298312 2.8421709430404007e-8 0 0.005 23.85624603997898 139
0.9162019990147086 11.991191807145896 99.92659839284102 -2.8421709430404007e-8 0 0.005 23.91620199901471 139
0.9786561230102555 12.49082479910939 99.9265983926989 -2.8421709430404007e-8 0 0.005 23.978656123010257 139
1.0436084119656306 12.990457791075016 99.92659839312523 8.526512829121202e-8 0 0.005 24.043608411965632 139
1.1110588658808231 13.49009078303851 99.9265983926989 -8.526512829121202e-8 0 0.005 24.111058865880825 139
1.1810074847558403 13.989723775003426 99.92659839298312 5.6843418860808015e-8 0 0.005 24.181007484755842 139
1.2534542685906784 14.489356766967632 99.92659839284102 -2.8421709430404007e-8 0 0.005 24.25345426859068 139
1.3283992173853376 14.988989758931837 99.92659839284102 0 0 0.005 24.32839921738534 139
1.4058423311398214 15.488622750896752 99.92659839298312 2.8421709430404007e-8 0 0.005 24.405842331139823 139
1.4857836098541262 15.988255742860957 99.92659839284102 -2.8421709430404007e-8 0 0.005 24.485783609854128 139
1.568223053528252 16.487888734825162 99.92659839284102 0 0 0.005 24.568223053528254 139
1.6531606621622024 16.987521726790078 99.92659839298312 2.8421709430404007e-8 0 0.005 24.653160662162204 139
1.7405964357559702 17.487154718753573 99.9265983926989 -5.6843418860808015e-8 0 0.005 24.740596435755972 139
1.8305303743095627 17.986787710718488 99.92659839298312 5.6843418860808015e-8 0 0.005 24.830530374309564 139
1.9229624778229797 18.486420702683404 99.92659839298312 0 0 0.005 24.92296247782298 139
2.017892746296214 18.9860536946469 99.9265983926989 -5.6843418860808015e-8 0 0.005 25.017892746296216 139
2.115321179729273 19.485686686611814 99.92659839298312 5.6843418860808015e-8 0 0.005 25.115321179729275 139
2.215247778122153 19.98531967857602 99.92659839284102 -2.8421709430404007e-8 0 0.005 25.215247778122155 139
2.317672541474858 20.484952670540935 99.92659839298312 2.8421709430404007e-8 0 0.005 25.31767254147486 139
2.42259546978738 20.98458566250443 99.9265983926989 -5.6843418860808015e-8 0 0.005 25.42259546978738 139
2.5300165630597267 21.484218654469345 99.92659839298312 5.6843418860808015e-8 0 0.005 25.53001656305973 139
2.639935821291898 21.98385164643426 99.92659839298312 0 0 0.005 25.6399358212919 139
2.7523532444838867 22.483484638397755 99.9265983926989 -5.6843418860808015e-8 0 0.005 25.75235324448389 139
2.8672688326357 22.98311763036267 99.92659839298312 5.6843418860808015e-8 0 0.005 25.867268832635702 139
2.9846825857472954 23.48275062231906 99.92659839127782 -3.410605131648481e-7 0 0.005 25.984682585747297 139
3.1045945038187117 23.982383614283265 99.92659839284102 3.126388037344441e-7 0 0.005 26.104594503818713 139
3.227004586849949 24.48201660624747 99.92659839284102 0 0 0.005 26.22700458684995 139
3.351912834841004 24.981649598210964 99.9265983926989 -2.8421709430404007e-8 0 0.005 26.351912834841006 139
3.4793192477918833 25.48128259017588 99.92659839298312 5.6843418860808015e-8 0 0.005 26.479319247791885 139
3.6092238257025837 25.980915582140085 99.92659839284102 -2.8421709430404007e-8 0 0.005 26.609223825702585 139
3.741626568573105 26.48054857410429 99.92659839284102 0 0 0.005 26.741626568573107 139
3.8765274764034476 26.980181566068495 99.92659839284102 0 0 0.005 26.87652747640345 139
4.013926549193611 27.4798145580327 99.92659839284102 0 0 0.005 27.013926549193613 139
4.153823786943596 27.979447549996905 99.92659839284102 0 0 0.005 27.153823786943597 139
4.296219189653398 28.4790805419604 99.9265983926989 -2.8421709430404007e-8 0 0.005 27.2962191896534 139
4.441112757323028 28.978713533926026 99.92659839312523 8.526512829121202e-8 0 0.005 27.44111275732303 139
4.588504489952475 29.47834652588952 99.9265983926989 -8.526512829121202e-8 0 0.005 27.588504489952477 139
4.738394387541744 29.977979517853726 99.92659839284102 2.8421709430404007e-8 0 0.005 27.738394387541746 139
4.890782450090834 30.47761250981793 99.92659839284102 0 0 0.005 27.890782450090835 139
5.045668677599744 30.977245501782136 99.92659839284102 0 0 0.005 28.045668677599746 139
5.203053070068476 31.47687849374634 99.92659839284102 0 0 0.005 28.203053070068478 139
5.362935627497029 31.976511485710546 99.92659839284102 0 0 0.005 28.36293562749703 139
5.525316349885406 32.47614447767546 99.92659839298312 2.8421709430404007e-8 0 0.005 28.525316349885408 139
5.690195237233601 32.975777469638956 99.9265983926989 -5.6843418860808015e-8 0 0.005 28.690195237233603 139
5.857572289541691 33.47541046161808 99.9265983958253 6.252776074688882e-7 0 0.005 28.857572289541693 139
6.027447506809649 33.975043453591525 99.92659839468843 -2.2737367544323206e-7 0 0.005 29.02744750680965 139
6.199820889037428 34.47467644555573 99.92659839284102 -3.694822225952521e-7 0 0.005 29.19982088903743 139
6.374692436225031 34.974309437520645 99.92659839298312 2.8421709430404007e-8 0 0.005 29.374692436225033 139
6.552062148372455 35.47394242948485 99.92659839284102 -2.8421709430404007e-8 0 0.005 29.552062148372457 139
6.7319300254797 35.973575421449056 99.92659839284102 0 0 0.005 29.731930025479702 139
6.91429606754677 36.47320841341397 99.92659839298312 2.8421709430404007e-8 0 0.005 29.914296067546772 139
7.099160274573665 36.97284140537889 99.92659839298312 0 0 0.005 30.099160274573666 139
7.286522646560384 37.4724743973438 99.92659839298312 0 0 0.005 30.286522646560385 139
7.47638318350692 37.9721073893073 99.9265983926989 -5.6843418860808015e-8 0 0.005 30.476383183506922 139
7.668741885413281 38.47174038127221 99.92659839298312 5.6843418860808015e-8 0 0.005 30.668741885413283 139
7.863598752279467 38.97137337323713 99.92659839298312 0 0 0.005 30.86359875227947 139
8.060953784105473 39.47100636520133 99.92659839284102 -2.8421709430404007e-8 0 0.005 31.060953784105475 139
8.260806980891305 39.97063935716625 99.92659839298312 2.8421709430404007e-8 0 0.005 31.260806980891306 139
8.463158342636957 40.470272349130454 99.92659839284102 -2.8421709430404007e-8 0 0.005 31.46315834263696 139
8.66800786934243 40.96990534109466 99.92659839284102 0 0 0.005 31.668007869342432 139
8.875355561007732 41.469538333060285 99.92659839312523 5.6843418860808015e-8 0 0.005 31.875355561007733 139
9.085201417632858 41.9691713250252 99.92659839298312 -2.8421709430404007e-8 0 0.005 32.08520141763286 139
9.297545439217798 42.468804316987985 99.9265983925568 -8.526512829121202e-8 0 0.005 32.2975454392178 139
9.51238762576257 42.96843730895432 99.92659839326734 1.4210854715202004e-7 0 0.005 32.51238762576257 139
9.729727977267158 43.468070300917816 99.9265983926989 -1.1368683772161603e-7 0 0.005 32.72972797726716 139
9.949566493731565 43.96770329288131 99.9265983926989 0 0 0.005 32.94956649373157 139
10.171903175155803 44.46733628484765 99.92659839326734 1.1368683772161603e-7 0 0.005 33.171903175155805 139
10.396738021539866 44.96696927681256 99.92659839298312 -5.6843418860808015e-8 0 0.005 33.39673802153987 139
10.624071032883746 45.46660226877606 99.9265983926989 -5.6843418860808015e-8 0 0.005 33.62407103288375 139
10.853902209187451 45.96623526074097 99.92659839298312 5.6843418860808015e-8 0 0.005 33.85390220918745 139
11.08623155045098 46.46586825270589 99.92659839298312 0 0 0.005 34.08623155045098 139
11.321059056674327 46.96550124466938 99.9265983926989 -5.6843418860808015e-8 0 0.005 34.32105905667433 139
11.55838472785742 47.46513423661867 99.92659838985674 -5.684341886080801e-7 0 0.005 34.55838472785742 139
11.798208564000083 47.96476722853242 99.92659838275131 -0.0000014210854715202004 0 0.005 34.798208564000085 139
12.040530565102562 48.46440022049592 99.9265983926989 0.0000019895196601282805 0 0.005 35.040530565102564 139
12.285350731164867 48.96403321246083 99.92659839298312 5.6843418860808015e-8 0 0.005 35.28535073116487 139
12.532669062186988 49.46366620442433 99.9265983926989 -5.6843418860808015e-8 0 0.005 35.53266906218699 139
12.782485558168927 49.96329919638782 99.9265983926989 0 0 0.005 35.78248555816893 139
13.034800219110691 50.46293218835274 99.92659839298312 5.6843418860808015e-8 0 0.005 36.03480021911069 139
13.289613045012272 50.96256518031623 99.9265983926989 -5.6843418860808015e-8 0 0.005 36.289613045012274 139
13.546924035873671 51.46219817227973 99.9265983926989 0 0 0.005 36.54692403587367 139
13.806733191694887 51.96183116424322 99.9265983926989 0 0 0.005 36.80673319169489 139
14.069040512475928 52.46146415620814 99.92659839298312 5.6843418860808015e-8 0 0.005 37.06904051247593 139
14.333845998216786 52.96109714817163 99.9265983926989 -5.6843418860808015e-8 0 0.005 37.33384599821679 139
14.601149648917461 53.46073014013513 99.9265983926989 0 0 0.005 37.60114964891746 139
14.870951464577955 53.96036313209862 99.9265983926989 0 0 0.005 37.870951464577956 139
15.143251445198272 54.45999612406354 99.92659839298312 5.6843418860808015e-8 0 0.005 38.143251445198274 139
15.418049590778407 54.95962911602703 99.9265983926989 -5.6843418860808015e-8 0 0.005 38.41804959077841 139
15.695345901318367 55.45926210799195 99.92659839298312 5.6843418860808015e-8 0 0.005 38.69534590131837 139
15.975140376818137 55.95889509995402 99.92659839241469 -1.1368683772161603e-7 0 0.005 38.97514037681814 139
16.257433017277734 56.458528091918936 99.92659839298312 1.1368683772161603e-7 0 0.005 39.257433017277734 139
16.542223822697146 56.95816108388243 99.9265983926989 -5.6843418860808015e-8 0 0.005 39.542223822697146 139
16.829512793076375 57.457794075845925 99.9265983926989 0 0 0.005 39.829512793076375 139
17.11929992841543 57.95742706781084 99.92659839298312 5.6843418860808015e-8 0 0.005 40.11929992841543 139
17.4115852287143 58.457060059774335 99.9265983926989 -5.6843418860808015e-8 0 0.005 40.4115852287143 139
17.70636869397299 58.95669305173783 99.9265983926989 0 0 0.005 40.70636869397299 139
18.003650324191497 59.456326043701324 99.9265983926989 0 0 0.005 41.0036503241915 139
18.30343011936983 59.95595903566624 99.92659839298312 5.6843418860808015e-8 0 0.005 41.30343011936983 139
18.605708079507977 60.455592027629734 99.9265983926989 -5.6843418860808015e-8 0 0.005 41.60570807950798 139
18.91048420460595 60.95522501959465 99.92659839298312 5.6843418860808015e-8 0 0.005 41.91048420460595 139
19.21775849466374 61.454858011558144 99.9265983926989 -5.6843418860808015e-8 0 0.005 42.21775849466374 139
19.52753094968135 61.95449100352164 99.9265983926989 0 0 0.005 42.52753094968135 139
19.839801569658768 62.45412399548371 99.92659839241469 -5.6843418860808015e-8 0 0.005 42.83980156965877 139
20.154570354596018 62.95375698745005 99.92659839326734 1.7053025658242404e-7 0 0.005 43.15457035459602 139
20.47183730449308 63.45338997941212 99.92659839241469 -1.7053025658242404e-7 0 0.005 43.47183730449308 139
20.79160241934997 63.95302297137846 99.92659839326734 1.7053025658242404e-7 0 0.005 43.79160241934997 139
21.113865699166666 64.45265596333911 99.92659839213047 -2.2737367544323206e-7 0 0.005 44.113865699166666 139
21.438627143943194 64.95228895530545 99.92659839326734 2.2737367544323206e-7 0 0.005 44.438627143943194 139
21.76588675367954 65.45192194726894 99.9265983926989 -1.1368683772161603e-7 0 0.005 44.76588675367954 139
22.0956445283757 65.95155493923244 99.9265983926989 0 0 0.005 45.0956445283757 139
22.42790046803168 66.45118793119593 99.9265983926989 0 0 0.005 45.42790046803168 139
22.762654572647477 66.95082092315943 99.9265983926989 0 0 0.005 45.76265457264748 139
23.099906842223106 67.45045391512576 99.92659839326734 1.1368683772161603e-7 0 0.005 46.099906842223106 139
23.43965727675854 67.95008690708642 99.92659839213047 -2.2737367544323206e-7 0 0.005 46.43965727675854 139
23.781905876253802 68.44971989905275 99.92659839326734 2.2737367544323206e-7 0 0.005 46.7819058762538 139
24.126652640708883 68.94935289101625 99.9265983926989 -1.1368683772161603e-7 0 0.005 47.12665264070888 139
24.473897570123782 69.44898588297974 99.9265983926989 0 0 0.005 47.47389757012378 139
24.823640664498498 69.94861887494324 99.9265983926989 0 0 0.005 47.8236406644985 139
25.175881923833032 70.44825186690673 99.9265983926989 0 0 0.005 48.17588192383303 139
25.530621348127383 70.94788485887022 99.9265983926989 0 0 0.005 48.53062134812738 139
25.887858937381566 71.44751785083656 99.92659839326734 1.1368683772161603e-7 0 0.005 48.887858937381566 139
26.247594691595566 71.94715084280006 99.9265983926989 -1.1368683772161603e-7 0 0.005 49.247594691595566 139
26.60982861076937 72.44678383476071 99.92659839213047 -1.1368683772161603e-7 0 0.005 49.60982861076937 139
26.974560694903012 72.94641682672847 99.92659839355156 2.842170943040401e-7 0 0.005 49.97456069490301 139
27.341790943996465 73.44604981869054 99.92659839241469 -2.2737367544323206e-7 0 0.005 50.341790943996465 139
27.711519358049735 73.94568281065403 99.9265983926989 5.6843418860808015e-8 0 0.005 50.711519358049735 139
28.08374593706283 74.44531580261895 99.92659839298312 5.6843418860808015e-8 0 0.005 51.08374593706283 139
28.458470681035735 74.94494879458102 99.92659839241469 -1.1368683772161603e-7 0 0.005 51.458470681035735 139
28.83569358996847 75.44458178654736 99.92659839326734 1.7053025658242404e-7 0 0.005 51.83569358996847 139
29.215414663861026 75.94421477851085 99.9265983926989 -1.1368683772161603e-7 0 0.005 52.215414663861026 139
29.597633902713397 76.44384777047435 99.9265983926989 0 0 0.005 52.5976339027134 139
29.98232007946359 76.93723535003869 98.67751591286833 -249.81649596611533 0 0.005 52.98232007946359 139
30.3694107399876 77.41813210480188 96.17935095263874 -499.6329920459175 0 0.005 53.3694107399876 139
30.758843430161456 77.88653803477104 93.68118599383024 -499.6329917617004 0 0.005 53.758843430161456 139
31.150555695861136 78.3424531399362 91.18302103303222 -499.6329921596043 0 0.005 54.15055569586114 139
31.54448508296266 78.78587742030447 88.68485607365528 -499.63299187538723 0 0.005 54.54448508296266 139
31.940569137342024 79.21681087587302 86.18669111370991 -499.63299198907407 0 0.005 54.940569137342024 139
32.33874540487524 79.63525350664327 83.68852615404876 -499.63299193223065 0 0.005 55.33874540487524 139
32.73895143143831 80.04120531261378 81.19036119410339 -499.63299198907407 0 0.005 55.73895143143831 139
33.14112476290723 80.43466629378457 78.69219623415802 -499.63299198907407 0 0.005 56.14112476290723 139
33.545202945158024 80.81563645015848 76.19403127478108 -499.63299187538723 0 0.005 56.545202945158024 139
33.95112352406668 81.18411578173124 73.6958663145515 -499.6329920459175 0 0.005 56.95112352406668 139
34.35882404550921 81.54010428850569 71.19770135489034 -499.63299193223065 0 0.005 57.35882404550921 139
34.76824205536161 81.88360197048041 68.69953639494497 -499.63299198907407 0 0.005 57.76824205536161 139
35.1793150994999 82.21460882765825 66.20137143556803 -499.63299187538723 0 0.005 58.1793150994999 139
35.59198072380006 82.5331248600321 63.70320647477001 -499.6329921596043 0 0.005 58.59198072380006 139
36.00617647413812 82.83915006761191 61.20504151596151 -499.6329917617004 0 0.005 59.00617647413812 139
36.421839896390075 83.13268445039057 58.706876555731924 -499.6329920459175 0 0.005 59.421839896390075 139
36.83890853643192 83.4137280083695 56.20871159578655 -499.63299198907407 0 0.005 59.83890853643192 139
37.25731994013967 83.68228074155013 53.7105466361254 -499.63299193223065 0 0.005 60.25731994013967 139
37.677011653389336 83.93834264993245 51.21238167646425 -499.63299193223065 0 0.005 60.677011653389336 139
38.097921222056904 84.18191373351362 48.71421671623466 -499.6329920459175 0 0.005 61.097921222056904 139
38.51998619201839 84.41299399229791 46.21605175685772 -499.63299187538723 0 0.005 61.51998619201839 139
38.943144109149806 84.63158342628248 43.71788679691235 -499.63299198907407 0 0.005 61.943144109149806 139
39.36733251932714 84.83768203546731 41.21972183696698 -499.63299198907407 0 0.005 62.36733251932714 139
39.79248896842641 85.03128981985384 38.72155687730583 -499.63299193223065 0 0.005 62.79248896842641 139
40.21855100232361 85.21240677943922 36.22339191707624 -499.6329920459175 0 0.005 63.21855100232361 139
40.645456166894746 85.38103291422772 33.725226957699306 -499.63299187538723 0 0.005 63.645456166894746 139
41.07314200801582 85.53716822421507 31.22706199746972 -499.6329920459175 0 0.005 64.07314200801582 139
41.501546071562856 85.68081270940695 28.728897038377 -499.6329918185438 0 0.005 64.50154607156286 139
41.930605903411845 85.81196636979769 26.230732078147412 -499.6329920459175 0 0.005 64.93060590341184 139
42.36025904943878 85.93062920538728 23.732567117917824 -499.6329920459175 0 0.005 65.36025904943878 139
42.79044305551969 86.0368012161814 21.234402158825105 -499.6329918185438 0 0.005 65.79044305551969 139
43.221095467530546 86.13048240217154 18.736237198027084 -499.6329921596043 0 0.005 66.22109546753055 139
43.65215383134739 86.21167276336905 16.2380722395028 -499.632991704857 0 0.005 66.65215383134739 139
44.083555692846204 86.28037229976258 13.739907278704777 -499.6329921596043 0 0.005 67.0835556928462 139
44.51523859790302 86.33658101136348 11.241742320180492 -499.632991704857 0 0.005 67.51523859790302 139
44.947140092393795 86.3802988981547 8.743577358245602 -499.632992386978 0 0.005 67.9471400923938 139
45.37919772219456 86.41152596015331 6.245412399721317 -499.632991704857 0 0.005 68.37919772219456 139
45.81134903318133 86.43026219735361 3.747247440060164 -499.63299193223065 0 0.005 68.81134903318133 139
46.24352760586983 86.43571453769994 1.0904680692647162 -531.3558741590896 0 0.005 69.24352760586983 139
46.675667020774156 86.42788298086543 -1.5663113669006634 -531.3558872330759 0 0.005 69.67566702077416 139
47.107704823769296 86.40756059902799 -4.064476367489078 -499.63300011768297 0 0.005 70.1077048237693 139
47.5395785607312 86.37474739238087 -6.562641329423968 -499.632992386978 0 0.005 70.5395785607312 139
47.97122577753592 86.32944336094397 -9.060806287379819 -499.63299159117014 0 0.005 70.97122577753592 139
48.40258402005945 86.27164850470592 -11.558971247609406 -499.6329920459175 0 0.005 71.40258402005945 139
48.833590834177784 86.20136282366673 -14.057136207838994 -499.6329920459175 0 0.005 71.83359083417778 139
49.264183765766916 86.11858631782638 -16.55530116806858 -499.6329920459175 0 0.005 72.26418376576692 139
49.69430036070287 86.02331898719058 -19.0534661271613 -499.6329918185438 0 0.005 72.69430036070287 139
50.12387816486165 85.91556083175647 -21.551631086822454 -499.63299193223065 0 0.005 73.12387816486165 139
50.55285472411924 85.79531185151836 -24.049796047620475 -499.6329921596043 0 0.005 73.55285472411924 139
50.98116758435168 85.66257204648764 -26.54796100614476 -499.632991704857 0 0.005 73.98116758435168 139
51.40875429143492 85.51734141664724 -29.04612596807965 -499.632992386978 0 0.005 74.40875429143492 139
51.83555239124502 85.3596199620199 -31.544290925467067 -499.6329914774833 0 0.005 74.83555239124502 139
52.26149942965796 85.18940768258858 -34.04245588626509 -499.6329921596043 0 0.005 75.26149942965796 139
52.686532952549726 85.00670457835326 -36.54062084706311 -499.6329921596043 0 0.005 75.68653295254973 139
53.11059050579637 84.81151064932817 -39.03878580501896 -499.63299159117014 0 0.005 76.11059050579637 139
53.53360963527385 84.60382589549624 -41.53695076638542 -499.63299227329117 0 0.005 76.53360963527385 139
53.95552788685819 84.38365031686885 -44.035115725478136 -499.6329918185438 0 0.005 76.95552788685819 139
54.37628280642538 84.15098391343747 -46.53328068627616 -499.6329921596043 0 0.005 77.37628280642538 139
54.79581193985143 83.90582668521063 -49.031445645368876 -499.6329918185438 0 0.005 77.79581193985143 139
55.21405283301239 83.64817863219116 -51.52961060389316 -499.632991704857 0 0.005 78.21405283301239 139
55.6309430317842 83.37803975436202 -54.02777556582805 -499.632992386978 0 0.005 78.6309430317842 139
56.046420082042886 83.09541005173742 -56.52594052492077 -499.6329918185438 0 0.005 79.04642008204289 139
56.460421529664444 82.80028952431167 -59.02410548515036 -499.6329920459175 0 0.005 79.46042152966444 139
56.872884920524896 82.49267817209045 -61.52227044424308 -499.6329918185438 0 0.005 79.8728849205249 139
57.28374780050024 82.17257599506809 -64.02043540447266 -499.6329920459175 0 0.005 80.28374780050024 139
57.69294771546649 81.83998299325026 -66.51860036356538 -499.6329918185438 0 0.005 80.69294771546649 139
58.100422211299616 81.4948991666256 -69.01676532493184 -499.63299227329117 0 0.005 81.10042221129962 139
58.50610883387566 81.13732451520832 -71.51493028345612 -499.632991704857 0 0.005 81.50610883387566 139
58.90994512907059 80.76725903898705 -74.01309524425415 -499.6329921596043 0 0.005 81.90994512907059 139
59.31186864276047 80.384702737976 -76.51126020221 -499.63299159117014 0 0.005 82.31186864276047 139
59.711816920821235 79.98965561215243 -79.00942516471332 -499.63299250066484 0 0.005 82.71181692082124 139
60.10972750912893 79.58211766153909 -81.50759012266917 -499.63299159117014 0 0.005 83.10972750912893 139
60.50553795355955 79.1620888861246 -84.00575508289876 -499.6329920459175 0 0.005 83.50553795355955 139
60.89918579998911 78.7295692859118 -86.50392004255991 -499.63299193223065 0 0.005 83.89918579998911 139
61.29060859429357 78.28455886089216 -89.00208500392637 -499.63299227329117 0 0.005 84.29060859429357 139
61.67974388234899 77.82705761108275 -91.50024996188222 -499.63299159117014 0 0.005 84.67974388234899 139
62.06652921003135 77.35706553647219 -93.9984149221118 -499.6329920459175 0 0.005 85.06652921003135 139
62.45090212321665 76.87458263706048 -96.4965798823414 -499.6329920459175 0 0.005 85.45090212321665 139
62.8328041331425 76.38040198517047 -98.83613037800387 -467.9100991324958 0 0.005 85.8328041331425 139
63.21220797810852 75.88076899320413 -99.92659839326734 -218.09360305269365 0 0.005 86.21220797810852 139
63.58911365811471 75.38113600123779 -99.92659839326734 0 0 0.005 86.58911365811471 139
63.96352117316107 74.88150300927146 -99.92659839326734 0 0 0.005 86.96352117316107 139
64.3354305232476 74.38187001730512 -99.92659839326734 0 0 0.005 87.3354305232476 139
64.70484170837426 73.8822370253331 -99.92659839440421 -2.2737367544323206e-7 0 0.005 87.70484170837426 139
65.07175472854112 73.38260403337244 -99.92659839213047 4.547473508864641e-7 0 0.005 88.07175472854112 139
65.43616958374814 72.88297104140327 -99.92659839383577 -3.410605131648481e-7 0 0.005 88.43616958374814 139
65.79808627399532 72.38333804943693 -99.92659839326734 1.1368683772161603e-7 0 0.005 88.79808627399532 139
66.15750479928269 71.88370505747343 -99.9265983926989 1.1368683772161603e-7 0 0.005 89.15750479928269 139
66.51442515961021 71.38407206550426 -99.92659839383577 -2.2737367544323206e-7 0 0.005 89.51442515961021 139
66.8688473549779 70.88443907353792 -99.92659839326734 1.1368683772161603e-7 0 0.005 89.8688473549779 139
67.22077138538576 70.38480608157158 -99.92659839326734 0 0 0.005 90.22077138538576 139
67.57019725083377 69.8851730896024 -99.92659839383577 -1.1368683772161603e-7 0 0.005 90.57019725083377 139
67.91712495132197 69.38554009763891 -99.9265983926989 2.2737367544323206e-7 0 0.005 90.91712495132197 139
68.2615544868503 68.88590710566689 -99.92659839440421 -3.410605131648481e-7 0 0.005 91.2615544868503 139
68.60348585741883 68.38627411370624 -99.92659839213047 4.547473508864641e-7 0 0.005 91.60348585741883 139
68.94291906302753 67.8866411217399 -99.92659839326734 -2.2737367544323206e-7 0 0.005 91.94291906302753 139
69.27985410367637 67.38700812976788 -99.92659839440421 -2.2737367544323206e-7 0 0.005 92.27985410367637 139
69.6142909793654 66.88737513780723 -99.92659839213047 4.547473508864641e-7 0 0.005 92.6142909793654 139
69.9462296900946 66.38774214583805 -99.92659839383577 -3.410605131648481e-7 0 0.005 92.9462296900946 139
70.27567023586396 65.88810915387171 -99.92659839326734 1.1368683772161603e-7 0 0.005 93.27567023586396 139
70.60261261667347 65.38847616190253 -99.92659839383577 -1.1368683772161603e-7 0 0.005 93.60261261667347 139
70.92705683252316 64.88884316993904 -99.9265983926989 2.2737367544323206e-7 0 0.005 93.92705683252316 139
71.24900288341301 64.38921017796986 -99.92659839383577 -2.2737367544323206e-7 0 0.005 94.24900288341301 139
71.56845076934303 63.88957718600352 -99.92659839326734 1.1368683772161603e-7 0 0.005 94.56845076934303 139
71.88540049031323 63.38994419404003 -99.9265983926989 1.1368683772161603e-7 0 0.005 94.88540049031323 139
72.19985204632358 62.89031120207085 -99.92659839383577 -2.2737367544323206e-7 0 0.005 95.19985204632358 139
72.51180543737411 62.39067821010451 -99.92659839326734 1.1368683772161603e-7 0 0.005 95.51180543737411 139
72.8212606634648 61.891045218138174 -99.92659839326734 0 0 0.005 95.8212606634648 139
73.12821772459567 61.39141222617468 -99.9265983926989 1.1368683772161603e-7 0 0.005 96.12821772459567 139
73.43267662076669 60.89177923420266 -99.92659839440421 -3.410605131648481e-7 0 0.005 96.43267662076669 139
73.73463735197788 60.392146242239164 -99.9265983926989 3.410605131648481e-7 0 0.005 96.73463735197788 139
74.03409991822923 59.892513250269985 -99.92659839383577 -2.2737367544323206e-7 0 0.005 97.03409991822923 139
74.33106431952075 59.39288025830365 -99.92659839326734 1.1368683772161603e-7 0 0.005 97.33106431952075 139
74.62553055585245 58.893247266340154 -99.9265983926989 1.1368683772161603e-7 0 0.005 97.62553055585245 139
74.9174986272243 58.393614274370975 -99.92659839383577 -2.2737367544323206e-7 0 0.005 97.9174986272243 139
75.20696853363633 57.89398128240464 -99.92659839326734 1.1368683772161603e-7 0 0.005 98.20696853363633 139
75.49394027508852 57.3943482904383 -99.92659839326734 0 0 0.005 98.49394027508852 139
75.77841385158088 56.894715298471965 -99.92659839326734 0 0 0.005 98.77841385158088 139
76.0603892631134 56.395082306502786 -99.92659839383577 -1.1368683772161603e-7 0 0.005 99.0603892631134 139
76.33986650968609 55.89544931453929 -99.9265983926989 2.2737367544323206e-7 0 0.005 99.33986650968609 139
76.61684559129894 55.39581632257011 -99.92659839383577 -2.2737367544323206e-7 0 0.005 99.61684559129894 139
76.89132650795196 54.896183330603776 -99.92659839326734 1.1368683772161603e-7 0 0.005 99.89132650795196 139
77.16330925964516 54.39655033864028 -99.9265983926989 1.1368683772161603e-7 0 0.005 100.16330925964516 139
77.43279384637852 53.8969173466711 -99.92659839383577 -2.2737367544323206e-7 0 0.005 100.43279384637852 139
77.69978026815205 53.39728435470761 -99.9265983926989 2.2737367544323206e-7 0 0.005 100.69978026815205 139
77.96426852496572 52.897651362732745 -99.92659839497264 -4.547473508864641e-7 0 0.005 100.96426852496572 139
78.22625861681958 52.39801837077209 -99.92659839213047 5.684341886080801e-7 0 0.005 101.22625861681958 139
78.48575054371362 51.8983853788086 -99.9265983926989 -1.1368683772161603e-7 0 0.005 101.48575054371362 139
78.7427443056478 51.39875238683658 -99.92659839440421 -3.410605131648481e-7 0 0.005 101.7427443056478 139
78.99723990262217 50.89911939487308 -99.9265983926989 3.410605131648481e-7 0 0.005 101.99723990262217 139
79.24923733463669 50.399486402903904 -99.92659839383577 -2.2737367544323206e-7 0 0.005 102.24923733463669 139
79.49873660169138 49.89985341093757 -99.92659839326734 1.1368683772161603e-7 0 0.005 102.49873660169138 139
79.74573770378623 49.40022041897123 -99.92659839326734 0 0 0.005 102.74573770378623 139
79.99024064092126 48.90058742700489 -99.92659839326734 0 0 0.005 102.99024064092126 139
80.23224541309645 48.40095443503856 -99.92659839326734 0 0 0.005 103.23224541309645 139
80.47175202031181 47.90132144307222 -99.92659839326734 0 0 0.005 103.47175202031181 139
80.70876046256734 47.40168845110588 -99.92659839326734 0 0 0.005 103.70876046256734 139
80.94327073986302 46.902055459136704 -99.92659839383577 -1.1368683772161603e-7 0 0.005 103.94327073986302 139
81.17528285219888 46.40242246717037 -99.92659839326734 1.1368683772161603e-7 0 0.005 104.17528285219888 139
81.4047967995749 45.90278947520403 -99.92659839326734 0 0 0.005 104.4047967995749 139
81.63181258199111 45.40315648324338 -99.92659839213047 2.2737367544323206e-7 0 0.005 104.63181258199111 139
81.85633019944747 44.90352349127136 -99.92659839440421 -4.547473508864641e-7 0 0.005 104.85633019944747 139
82.07834965194398 44.40389049930218 -99.92659839383577 1.1368683772161603e-7 0 0.005 105.07834965194398 139
82.29787093948069 43.904257507341526 -99.92659839213047 3.410605131648481e-7 0 0.005 105.29787093948069 139
82.51489406205754 43.404624515369505 -99.92659839440421 -4.547473508864641e-7 0 0.005 105.51489406205754 139
82.72941901967457 42.90499152340601 -99.9265983926989 3.410605131648481e-7 0 0.005 105.72941901967457 139
82.94144581233176 42.405358531439674 -99.92659839326734 -1.1368683772161603e-7 0 0.005 105.94144581233176 139
83.15097444002912 41.905725539470495 -99.92659839383577 -1.1368683772161603e-7 0 0.005 106.15097444002912 139
83.35800490276665 41.406092547507 -99.9265983926989 2.2737367544323206e-7 0 0.005 106.35800490276665 139
83.56253720054434 40.90645955553782 -99.92659839383577 -2.2737367544323206e-7 0 0.005 106.56253720054434 139
83.7645713333622 40.406826563571485 -99.92659839326734 1.1368683772161603e-7 0 0.005 106.7645713333622 139
83.96410730122022 39.90719357160515 -99.92659839326734 0 0 0.005 106.96410730122022 139
84.1611451041184 39.40756057963597 -99.92659839383577 -1.1368683772161603e-7 0 0.005 107.1611451041184 139
84.35568474205677 38.907927587672475 -99.9265983926989 2.2737367544323206e-7 0 0.005 107.35568474205677 139
84.5477262150353 38.40829459570614 -99.92659839326734 -1.1368683772161603e-7 0 0.005 107.5477262150353 139
84.73726952305397 37.90866160373412 -99.92659839440421 -2.2737367544323206e-7 0 0.005 107.73726952305397 139
84.92431466611285 37.40902861177631 -99.92659839156204 5.684341886080801e-7 0 0.005 107.92431466611285 139
85.10886164421187 36.909395619804286 -99.92659839440421 -5.684341886080801e-7 0 0.005 108.10886164421187 139
85.29091045735106 36.40976262783795 -99.92659839326734 2.2737367544323206e-7 0 0.005 108.29091045735106 139
85.47046110553043 35.910129635874455 -99.9265983926989 1.1368683772161603e-7 0 0.005 108.47046110553043 139
85.64751358874996 35.410496643905276 -99.92659839383577 -2.2737367544323206e-7 0 0.005 108.64751358874996 139
85.82206790700964 34.9108636519361 -99.92659839383577 0 0 0.005 108.82206790700964 139
85.9941240603095 34.4112306599726 -99.9265983926989 2.2737367544323206e-7 0 0.005 108.9941240603095 139
86.16368204864953 33.911597668006266 -99.92659839326734 -1.1368683772161603e-7 0 0.005 109.16368204864953 139
86.33074187202972 33.41196467603709 -99.92659839383577 -1.1368683772161603e-7 0 0.005 109.33074187202972 139
86.49530353045009 32.91233168407359 -99.9265983926989 2.2737367544323206e-7 0 0.005 109.49530353045009 139
86.65736702391061 32.412698692104414 -99.92659839383577 -2.2737367544323206e-7 0 0.005 109.65736702391061 139
86.8169323524113 31.913065700138077 -99.92659839326734 1.1368683772161603e-7 0 0.005 109.8169323524113 139
86.97399951595217 31.413432708174582 -99.9265983926989 1.1368683772161603e-7 0 0.005 109.97399951595217 139
87.12856851453317 30.91379971619972 -99.92659839497264 -4.547473508864641e-7 0 0.005 110.12856851453317 139
87.28063934815438 30.41416672424191 -99.92659839156204 6.821210263296962e-7 0 0.005 110.28063934815438 139
87.43021201681573 29.914533732269888 -99.92659839440421 -5.684341886080801e-7 0 0.005 110.43021201681573 139
87.57728652051728 29.414900740309236 -99.92659839213047 4.547473508864641e-7 0 0.005 110.57728652051728 139
87.72186285925896 28.915267748337214 -99.92659839440421 -4.547473508864641e-7 0 0.005 110.72186285925896 139
87.86394103304082 28.415634756370878 -99.92659839326734 2.2737367544323206e-7 0 0.005 110.86394103304082 139
88.00352104186285 27.916001764407383 -99.9265983926989 1.1368683772161603e-7 0 0.005 111.00352104186285 139
88.14060288572504 27.416368772438204 -99.92659839383577 -2.2737367544323206e-7 0 0.005 111.14060288572504 139
88.2751865646274 26.916735780471868 -99.92659839326734 1.1368683772161603e-7 0 0.005 111.2751865646274 139
88.40727207856993 26.41710278850553 -99.92659839326734 0 0 0.005 111.40727207856993 139
88.53685942755263 25.917469796539194 -99.92659839326734 0 0 0.005 111.53685942755263 139
88.66394861157549 25.417836804572858 -99.92659839326734 0 0 0.005 111.66394861157549 139
88.78853963063851 24.91820381260368 -99.92659839383577 -1.1368683772161603e-7 0 0.005 111.78853963063851 139
88.9106324847417 24.418570820637342 -99.92659839326734 1.1368683772161603e-7 0 0.005 111.9106324847417 139
89.03022717388507 23.918937828673847 -99.9265983926989 1.1368683772161603e-7 0 0.005 112.03022717388507 139
89.14732369806859 23.41930483670467 -99.92659839383577 -2.2737367544323206e-7 0 0.005 112.14732369806859 139
89.26192205729228 22.919671844738332 -99.92659839326734 1.1368683772161603e-7 0 0.005 112.26192205729228 139
89.37402225155613 22.420038852769153 -99.92659839383577 -1.1368683772161603e-7 0 0.005 112.37402225155613 139
89.48362428086017 21.9204058608085 -99.92659839213047 3.410605131648481e-7 0 0.005 112.48362428086017 139
89.59072814520437 21.42077286883932 -99.92659839383577 -3.410605131648481e-7 0 0.005 112.59072814520437 139
89.69533384458873 20.921139876872985 -99.92659839326734 1.1368683772161603e-7 0 0.005 112.69533384458873 139
89.79744137901325 20.421506884903806 -99.92659839383577 -1.1368683772161603e-7 0 0.005 112.79744137901325 139
89.89705074847795 19.92187389294031 -99.9265983926989 2.2737367544323206e-7 0 0.005 112.89705074847795 139
89.99416195298281 19.422240900971133 -99.92659839383577 -2.2737367544323206e-7 0 0.005 112.99416195298281 139
90.08877499252785 18.92260790900764 -99.9265983926989 2.2737367544323206e-7 0 0.005 113.08877499252785 139
90.18088986711304 18.42297491703846 -99.92659839383577 -2.2737367544323206e-7 0 0.005 113.18088986711304 139
90.2705065767384 17.923341925072123 -99.92659839326734 1.1368683772161603e-7 0 0.005 113.2705065767384 139
90.35762512140391 17.423708933102944 -99.92659839383577 -1.1368683772161603e-7 0 0.005 113.35762512140391 139
90.44224550110962 16.92407594114229 -99.92659839213047 3.410605131648481e-7 0 0.005 113.44224550110962 139
90.52436771585548 16.42444294917027 -99.92659839440421 -4.547473508864641e-7 0 0.005 113.52436771585548 139
90.6039917656415 15.924809957203934 -99.92659839326734 2.2737367544323206e-7 0 0.005 113.6039917656415 139
90.68111765046771 15.425176965243281 -99.92659839213047 2.2737367544323206e-7 0 0.005 113.68111765046771 139
90.75574537033405 14.925543973268418 -99.92659839497264 -5.684341886080801e-7 0 0.005 113.75574537033405 139
90.82787492524058 14.425910981304924 -99.9265983926989 4.547473508864641e-7 0 0.005 113.82787492524058 139
90.89750631518727 13.926277989338587 -99.92659839326734 -1.1368683772161603e-7 0 0.005 113.89750631518727 139
90.96463954017416 13.426644997377934 -99.92659839213047 2.2737367544323206e-7 0 0.005 113.96463954017416 139
91.02927460020118 12.927012005403071 -99.92659839497264 -5.684341886080801e-7 0 0.005 114.02927460020118 139
91.09141149526837 12.427379013439577 -99.9265983926989 4.547473508864641e-7 0 0.005 114.09141149526837 139
91.15105022537574 11.92774602147324 -99.92659839326734 -1.1368683772161603e-7 0 0.005 114.15105022537574 139
91.20819079052326 11.428113029504061 -99.92659839383577 -1.1368683772161603e-7 0 0.005 114.20819079052326 139
91.26283319071096 10.928480037540567 -99.9265983926989 2.2737367544323206e-7 0 0.005 114.26283319071096 139
91.31497742593884 10.42884704557423 -99.92659839326734 -1.1368683772161603e-7 0 0.005 114.31497742593884 139
91.36462746156846 9.930007125925044 -99.7679839298371 31.722892686048 0 0.005 114.36462746156846 139
91.41181849002348 9.438205691003532 -98.36028698430255 281.5393891069107 0 0.005 114.41181849002348 139
91.45661296542787 8.958895080877483 -95.86212202520983 499.6329918185438 0 0.005 114.45661296542787 139
91.49907334190564 8.492075295555424 -93.3639570644118 499.6329921596043 0 0.005 114.49907334190564 139
91.53926207358077 8.037746335025986 -90.86579210588752 499.632991704857 0 0.005 114.53926207358077 139
91.57724161457728 7.595908199300538 -88.3676271450895 499.6329921596043 0 0.005 114.57724161457728 139
91.61307441901913 7.1665608883705545 -85.86946218599678 499.6329918185438 0 0.005 114.61307441901913 139
91.64682294103034 6.7497044022417185 -83.3712972257672 499.6329920459175 0 0.005 114.64682294103034 139
91.6785496347349 6.3453387409140305 -80.8731322655376 499.6329920459175 0 0.005 114.6785496347349 139
91.70831695425682 5.953463904381806 -78.37496730644489 499.6329918185438 0 0.005 114.70831695425682 139
91.73618735372008 5.574079892653572 -75.87680234564687 499.6329921596043 0 0.005 114.73618735372008 139
91.76222328724867 5.207186705717959 -73.37863738712258 499.632991704857 0 0.005 114.76222328724867 139
91.7864872089666 4.852784343586336 -70.88047242632456 499.6329921596043 0 0.005 114.7864872089666 139
91.80904157299786 4.510872806250177 -68.38230746723184 499.6329918185438 0 0.005 114.80904157299786 139
91.82994883346645 4.181452093718008 -65.88414250643382 499.6329921596043 0 0.005 114.82994883346645 139
91.84927144449634 3.86452220597846 -63.38597754790953 499.632991704857 0 0.005 114.84927144449634 139
91.86707186021157 3.5600831430457447 -60.88781258654308 499.63299227329117 0 0.005 114.86707186021157 139
91.88341253473611 3.268134904908493 -58.38964762745036 499.6329918185438 0 0.005 114.88341253473611 139
91.89835592219396 2.988677491569547 -55.891482667789205 499.63299193223065 0 0.005 114.89835592219396 139
91.9119644767091 2.7217109030289066 -53.39331770812805 499.63299193223065 0 0.005 114.9119644767091 139
91.92430065240556 2.4672351392922565 -50.89515274733003 499.6329921596043 0 0.005 114.92430065240556 139
91.93542690340732 2.22525020035107 -48.39698778823731 499.6329918185438 0 0.005 114.93542690340732 139
91.94540568383836 1.9957560862081891 -45.89882282857616 499.63299193223065 0 0.005 114.94540568383836 139
91.95429944782269 1.7787527968664563 -43.40065786834657 499.6329920459175 0 0.005 114.95429944782269 139
91.9621706494843 1.5742403323230292 -40.90249290868542 499.63299193223065 0 0.005 114.9621706494843 139
91.96908174294722 1.3822186925835922 -38.404327947887396 499.6329921596043 0 0.005 114.96908174294722 139
91.97509518233541 1.2026878776367766 -35.90616298936311 499.632991704857 0 0.005 114.97509518233541 139
91.98027342177285 1.0356478874882669 -33.40799802970196 499.63299193223065 0 0.005 114.98027342177285 139
91.98467891538357 0.8810987221437472 -30.909833068903936 499.6329921596043 0 0.005 114.98467891538357 139
91.98837411729154 0.7390403815946911 -28.411668109811217 499.6329918185438 0 0.005 114.98837411729154 139
91.99142148162078 0.609472865846783 -25.91350314958163 499.6329920459175 0 0.005 114.99142148162078 139
91.99388346249528 0.49239617490002274 -23.415338189352042 499.6329920459175 0 0.005 114.99388346249528 139
91.99582251403902 0.38781030874872613 -20.917173230259323 499.6329918185438 0 0.005 114.99582251403902 139
91.99730109037603 0.2957152674014196 -18.4190082694613 499.6329921596043 0 0.005 114.99730109037603 139
91.99838164563027 0.2161110508495767 -15.920843310368582 499.6329918185438 0 0.005 114.99838164563027 139
91.99912663392574 0.1489976590931974 -13.422678351275863 499.6329918185438 0 0.005 114.99912663392574 139
91.99959850938643 0.09437509213796602 -10.924513391046276 499.6329920459175 0 0.005 114.99959850938643 139
91.99985972613638 0.05224334998956692 -8.42634842967982 499.63299227329117 0 0.005 114.99985972613638 139
91.99997273829955 0.02260243263378925 -5.928183471155535 499.632991704857 0 0.005 114.99997273829955 139
91.99999999999994 0.005452340079159512 -3.4300185109259473 499.6329920459175 0 0.005 114.99999999999994 139
91.99999999999994 0 -1.0904680158319024 467.910099018809 0 0.005 114.99999999999994 139
