CenterRightScale
798
0.000 0.001 0.248 49.688 6.283 0.005 0.000 11.188
0.000 0.002 0.248 0.000 6.283 0.005 0.000 11.188
0.000 0.006 0.621 74.532 6.283 0.005 0.000 11.188
0.000 0.010 0.870 49.689 6.283 0.005 0.000 11.188
0.000 0.016 1.118 49.690 6.283 0.005 0.000 11.187
0.000 0.022 1.366 49.692 6.283 0.005 0.000 11.187
0.000 0.030 1.615 49.695 6.283 0.005 0.000 11.187
0.001 0.040 1.863 49.699 6.283 0.005 0.001 11.187
0.001 0.050 2.112 49.705 6.283 0.005 0.001 11.187
0.001 0.062 2.361 49.712 6.283 0.005 0.001 11.187
0.002 0.075 2.609 49.721 6.283 0.005 0.002 11.187
0.002 0.089 2.858 49.732 6.283 0.005 0.002 11.187
0.003 0.105 3.107 49.745 6.283 0.005 0.003 11.187
0.003 0.122 3.355 49.761 6.283 0.005 0.003 11.187
0.004 0.140 3.604 49.779 6.283 0.005 0.004 11.187
0.005 0.159 3.853 49.799 6.283 0.005 0.005 11.187
0.006 0.180 4.102 49.823 6.283 0.005 0.006 11.187
0.007 0.201 4.352 49.850 6.283 0.005 0.007 11.187
0.008 0.224 4.601 49.880 6.283 0.005 0.008 11.187
0.009 0.249 4.851 49.914 6.283 0.005 0.009 11.187
0.010 0.274 5.100 49.952 6.283 0.005 0.010 11.187
0.012 0.301 5.350 49.993 6.283 0.005 0.012 11.187
0.013 0.329 5.600 50.039 6.283 0.005 0.013 11.187
0.015 0.358 5.851 50.089 6.283 0.005 0.015 11.187
0.017 0.389 6.102 50.143 6.283 0.005 0.017 11.187
0.019 0.420 6.353 50.202 6.283 0.005 0.019 11.187
0.022 0.453 6.604 50.266 6.283 0.005 0.022 11.187
0.024 0.488 6.856 50.335 6.283 0.005 0.024 11.187
0.027 0.523 7.108 50.410 6.283 0.005 0.027 11.187
0.029 0.560 7.360 50.490 6.283 0.005 0.029 11.187
0.032 0.598 7.613 50.575 6.283 0.005 0.032 11.187
0.036 0.637 7.866 50.666 6.283 0.005 0.036 11.187
0.039 0.678 8.120 50.764 6.283 0.005 0.039 11.187
0.043 0.720 8.375 50.867 6.283 0.005 0.043 11.187
0.046 0.763 8.629 50.977 6.283 0.005 0.046 11.187
0.050 0.807 8.885 51.094 6.283 0.005 0.050 11.187
0.055 0.853 9.141 51.217 6.283 0.005 0.055 11.187
0.059 0.900 9.398 51.347 6.283 0.005 0.059 11.187
0.064 0.948 9.655 51.484 6.283 0.005 0.064 11.187
0.069 0.998 9.913 51.628 6.283 0.005 0.069 11.187
0.074 1.049 10.172 51.780 6.283 0.005 0.074 11.187
0.080 1.101 10.432 51.940 6.283 0.005 0.080 11.187
0.085 1.154 10.692 52.107 6.283 0.005 0.085 11.187
0.091 1.209 10.954 52.282 6.283 0.005 0.091 11.187
0.098 1.265 11.216 52.465 6.283 0.005 0.098 11.187
0.104 1.323 11.479 52.656 6.283 0.005 0.104 11.187
0.111 1.381 11.744 52.857 6.283 0.005 0.111 11.187
0.119 1.441 12.009 53.065 6.283 0.005 0.119 11.187
0.126 1.503 12.275 53.282 6.283 0.005 0.126 11.187
0.134 1.566 12.543 53.508 6.283 0.005 0.134 11.187
0.142 1.630 12.812 53.744 6.283 0.005 0.142 11.187
0.150 1.695 13.082 53.987 6.283 0.005 0.150 11.187
0.159 1.762 13.353 54.241 6.283 0.005 0.159 11.187
0.168 1.830 13.625 54.504 6.283 0.005 0.168 11.187
0.178 1.899 13.899 54.776 6.283 0.005 0.178 11.187
0.188 1.970 14.174 55.059 6.283 0.005 0.188 11.187
0.198 2.043 14.451 55.350 6.283 0.005 0.198 11.187
0.209 2.116 14.730 55.653 6.283 0.005 0.209 11.187
0.220 2.191 15.009 55.965 6.283 0.005 0.220 11.187
0.231 2.268 15.291 56.287 6.283 0.005 0.231 11.187
0.243 2.346 15.574 56.620 6.283 0.005 0.243 11.187
0.255 2.425 15.859 56.963 6.283 0.005 0.255 11.187
0.267 2.506 16.145 57.316 6.283 0.005 0.267 11.187
0.280 2.588 16.434 57.681 6.283 0.005 0.280 11.187
0.294 2.671 16.724 58.055 6.283 0.005 0.294 11.187
0.307 2.756 17.016 58.443 6.283 0.005 0.307 11.187
0.322 2.843 17.310 58.839 6.283 0.005 0.322 11.187
0.336 2.931 17.607 59.248 6.283 0.005 0.336 11.187
0.351 3.021 17.905 59.666 6.283 0.005 0.351 11.187
0.367 3.112 18.205 60.098 6.283 0.005 0.367 11.187
0.383 3.204 18.508 60.538 6.283 0.005 0.383 11.187
0.399 3.298 18.813 60.992 6.283 0.005 0.399 11.187
0.416 3.394 19.120 61.458 6.283 0.005 0.416 11.187
0.434 3.491 19.430 61.933 6.283 0.005 0.434 11.187
0.452 3.590 19.742 62.422 6.283 0.005 0.452 11.187
0.470 3.690 20.057 62.923 6.283 0.005 0.470 11.187
0.489 3.792 20.374 63.433 6.283 0.005 0.489 11.187
0.509 3.895 20.694 63.958 6.282 0.005 0.509 11.187
0.529 4.000 21.016 64.493 6.282 0.005 0.529 11.187
0.549 4.106 21.213 39.360 6.282 0.005 0.549 11.187
0.570 4.213 21.283 14.077 6.282 0.005 0.570 11.187
0.592 4.320 21.355 14.393 6.282 0.005 0.592 11.187
0.614 4.427 21.429 14.706 6.282 0.005 0.614 11.187
0.637 4.534 21.504 15.015 6.282 0.005 0.637 11.187
0.660 4.642 21.581 15.324 6.282 0.005 0.660 11.187
0.684 4.750 21.659 15.631 6.282 0.005 0.684 11.187
0.708 4.859 21.738 15.936 6.282 0.005 0.708 11.187
0.733 4.968 21.820 16.238 6.282 0.005 0.733 11.187
0.758 5.078 21.902 16.539 6.282 0.005 0.758 11.187
0.784 5.188 21.986 16.840 6.282 0.005 0.784 11.187
0.811 5.298 22.072 17.134 6.281 0.005 0.811 11.187
0.838 5.409 22.159 17.431 6.281 0.005 0.838 11.187
0.865 5.520 22.248 17.724 6.281 0.005 0.865 11.187
0.893 5.632 22.338 18.018 6.281 0.005 0.893 11.187
0.922 5.744 22.430 18.304 6.281 0.005 0.922 11.187
0.951 5.857 22.522 18.596 6.281 0.005 0.951 11.187
0.981 5.970 22.617 18.880 6.281 0.005 0.981 11.187
1.012 6.083 22.713 19.172 6.280 0.005 1.012 11.187
1.043 6.197 22.810 19.447 6.280 0.005 1.043 11.186
1.074 6.312 22.909 19.734 6.280 0.005 1.074 11.186
1.106 6.427 23.009 20.019 6.280 0.005 1.106 11.186
1.139 6.542 23.110 20.290 6.280 0.005 1.139 11.186
1.172 6.658 23.213 20.575 6.280 0.005 1.172 11.186
1.206 6.775 23.317 20.849 6.279 0.005 1.206 11.186
1.241 6.892 23.423 21.128 6.279 0.005 1.241 11.186
1.276 7.010 23.530 21.400 6.279 0.005 1.276 11.186
1.311 7.128 23.638 21.677 6.279 0.005 1.311 11.186
1.348 7.247 23.748 21.947 6.279 0.005 1.348 11.185
1.384 7.366 23.859 22.226 6.278 0.005 1.384 11.185
1.422 7.486 23.972 22.489 6.278 0.005 1.422 11.185
1.460 7.606 24.085 22.764 6.278 0.005 1.460 11.185
1.499 7.727 24.201 23.037 6.278 0.005 1.498 11.185
1.538 7.849 24.317 23.300 6.277 0.005 1.538 11.184
1.578 7.971 24.435 23.576 6.277 0.005 1.578 11.184
1.618 8.094 24.554 23.842 6.277 0.005 1.618 11.184
1.659 8.217 24.675 24.107 6.276 0.005 1.659 11.184
1.701 8.341 24.797 24.385 6.276 0.005 1.701 11.183
1.743 8.466 24.920 24.646 6.276 0.005 1.743 11.183
1.786 8.591 25.045 24.921 6.275 0.005 1.786 11.183
1.830 8.717 25.170 25.178 6.275 0.005 1.830 11.182
1.874 8.843 25.298 25.463 6.275 0.005 1.874 11.182
1.919 8.970 25.426 25.721 6.274 0.005 1.919 11.182
1.964 9.098 25.556 25.997 6.274 0.005 1.964 11.181
2.010 9.227 25.688 26.259 6.273 0.005 2.010 11.181
2.057 9.356 25.820 26.540 6.273 0.005 2.057 11.180
2.105 9.486 25.954 26.809 6.272 0.005 2.105 11.180
2.153 9.616 26.090 27.076 6.272 0.005 2.153 11.179
2.201 9.747 26.227 27.356 6.272 0.005 2.201 11.179
2.251 9.879 26.365 27.626 6.271 0.005 2.251 11.178
2.301 10.012 26.504 27.904 6.271 0.005 2.301 11.177
2.352 10.145 26.645 28.179 6.270 0.005 2.352 11.177
2.403 10.279 26.787 28.463 6.269 0.005 2.403 11.176
2.455 10.413 26.931 28.735 6.269 0.005 2.455 11.175
2.508 10.549 27.076 29.018 6.268 0.005 2.508 11.175
2.561 10.685 27.223 29.310 6.268 0.005 2.561 11.174
2.615 10.822 27.371 29.577 6.267 0.005 2.615 11.173
2.670 10.959 27.520 29.879 6.267 0.005 2.670 11.172
2.726 11.098 27.671 30.162 6.266 0.005 2.726 11.171
2.782 11.237 27.823 30.446 6.265 0.005 2.782 11.170
2.839 11.377 27.977 30.750 6.265 0.005 2.839 11.169
2.896 11.517 28.132 31.032 6.264 0.005 2.896 11.168
2.955 11.659 28.289 31.336 6.263 0.005 2.954 11.167
3.014 11.801 28.447 31.631 6.262 0.005 3.013 11.166
3.073 11.944 28.606 31.941 6.262 0.005 3.073 11.164
3.134 12.088 28.768 32.231 6.261 0.005 3.134 11.163
3.195 12.232 28.930 32.543 6.260 0.005 3.195 11.162
3.257 12.378 29.095 32.853 6.259 0.005 3.257 11.160
3.319 12.524 29.260 33.168 6.258 0.005 3.319 11.159
3.383 12.671 29.428 33.471 6.258 0.005 3.383 11.157
3.447 12.819 29.597 33.793 6.257 0.005 3.447 11.155
3.512 12.968 29.767 34.110 6.256 0.005 3.511 11.154
3.577 13.118 29.940 34.439 6.255 0.005 3.577 11.152
3.644 13.268 30.113 34.748 6.254 0.005 3.643 11.150
3.711 13.420 30.289 35.092 6.253 0.005 3.710 11.148
3.779 13.572 30.466 35.415 6.252 0.005 3.778 11.146
3.847 13.725 30.645 35.743 6.251 0.005 3.847 11.144
3.917 13.880 30.825 36.076 6.250 0.005 3.916 11.141
3.987 14.035 31.007 36.427 6.249 0.005 3.986 11.139
4.058 14.191 31.191 36.757 6.248 0.005 4.057 11.136
4.130 14.347 31.376 37.103 6.247 0.005 4.129 11.134
4.202 14.505 31.564 37.445 6.245 0.005 4.201 11.131
4.275 14.664 31.753 37.790 6.244 0.005 4.275 11.128
4.349 14.824 31.943 38.146 6.243 0.005 4.349 11.125
4.424 14.984 32.136 38.500 6.242 0.005 4.424 11.122
4.500 15.146 32.330 38.849 6.240 0.005 4.499 11.119
4.577 15.309 32.526 39.199 6.239 0.005 4.576 11.116
4.654 15.472 32.724 39.571 6.238 0.005 4.653 11.112
4.732 15.637 32.923 39.915 6.237 0.005 4.731 11.109
4.811 15.803 33.125 40.287 6.235 0.005 4.810 11.105
4.891 15.969 33.328 40.643 6.234 0.005 4.890 11.101
4.972 16.137 33.533 41.000 6.232 0.005 4.970 11.097
5.053 16.306 33.740 41.377 6.231 0.005 5.052 11.093
5.136 16.475 33.949 41.721 6.229 0.005 5.134 11.089
5.219 16.646 34.159 42.102 6.228 0.005 5.217 11.084
5.303 16.818 34.371 42.460 6.226 0.005 5.301 11.079
5.388 16.991 34.585 42.817 6.225 0.005 5.386 11.074
5.474 17.165 34.801 43.173 6.223 0.005 5.472 11.069
5.560 17.340 35.019 43.549 6.221 0.005 5.558 11.064
5.648 17.516 35.239 43.888 6.220 0.005 5.646 11.058
5.737 17.694 35.460 44.259 6.218 0.005 5.734 11.053
5.826 17.872 35.683 44.607 6.216 0.005 5.823 11.047
5.916 18.051 35.908 44.951 6.214 0.005 5.913 11.041
6.007 18.232 36.134 45.291 6.212 0.005 6.004 11.034
6.099 18.414 36.362 45.638 6.210 0.005 6.096 11.028
6.192 18.597 36.592 45.972 6.209 0.005 6.189 11.021
6.286 18.781 36.824 46.301 6.207 0.005 6.282 11.014
6.381 18.966 37.057 46.611 6.205 0.005 6.377 11.006
6.477 19.153 37.291 46.932 6.203 0.005 6.472 10.999
6.574 19.340 37.527 47.233 6.200 0.005 6.569 10.991
6.671 19.529 37.765 47.537 6.198 0.005 6.666 10.983
6.770 19.719 38.004 47.811 6.196 0.005 6.764 10.974
6.869 19.910 38.245 48.081 6.194 0.005 6.863 10.966
6.970 20.103 38.486 48.350 6.192 0.005 6.963 10.956
7.071 20.297 38.729 48.601 6.189 0.005 7.064 10.947
7.174 20.491 38.973 48.815 6.187 0.005 7.166 10.937
7.277 20.688 39.219 49.043 6.185 0.005 7.269 10.927
7.382 20.885 39.465 49.239 6.182 0.005 7.373 10.917
7.487 21.083 39.712 49.416 6.180 0.005 7.478 10.906
7.593 21.283 39.960 49.594 6.177 0.005 7.584 10.895
7.701 21.484 40.208 49.694 6.175 0.005 7.691 10.884
7.809 21.687 40.458 49.839 6.172 0.005 7.799 10.872
7.919 21.890 40.707 49.916 6.169 0.005 7.907 10.859
8.029 22.095 40.957 49.989 6.167 0.005 8.017 10.847
8.141 22.301 41.207 50.004 6.164 0.005 8.128 10.834
8.253 22.508 41.457 50.024 6.161 0.005 8.239 10.820
8.367 22.717 41.707 49.995 6.158 0.005 8.352 10.806
8.482 22.926 41.957 49.931 6.155 0.005 8.466 10.792
8.597 23.138 42.206 49.825 6.152 0.005 8.581 10.777
8.714 23.350 42.454 49.697 6.149 0.005 8.696 10.761
8.832 23.563 42.702 49.516 6.146 0.005 8.813 10.745
8.951 23.778 42.949 49.291 6.143 0.005 8.931 10.729
9.071 23.994 43.194 49.026 6.140 0.005 9.050 10.712
9.192 24.211 43.437 48.711 6.137 0.005 9.169 10.695
9.314 24.430 43.679 48.364 6.134 0.005 9.290 10.677
9.437 24.649 43.919 47.919 6.130 0.005 9.412 10.658
9.561 24.870 44.156 47.450 6.127 0.005 9.535 10.639
9.687 25.092 44.391 46.951 6.124 0.005 9.659 10.619
9.813 25.315 44.622 46.300 6.120 0.005 9.784 10.599
9.941 25.539 44.851 45.697 6.117 0.005 9.910 10.578
10.070 25.765 45.075 44.927 6.113 0.005 10.037 10.556
10.200 25.991 45.296 44.169 6.109 0.005 10.165 10.534
10.331 26.219 45.512 43.263 6.106 0.005 10.294 10.511
10.463 26.447 45.724 42.356 6.102 0.005 10.424 10.487
10.597 26.677 45.931 41.284 6.098 0.005 10.555 10.463
10.731 26.908 46.132 40.230 6.094 0.005 10.687 10.438
10.867 27.139 46.327 38.973 6.090 0.005 10.821 10.412
11.004 27.372 46.515 37.749 6.086 0.005 10.955 10.386
11.142 27.605 46.697 36.317 6.082 0.005 11.090 10.359
11.281 27.840 46.871 34.890 6.078 0.005 11.226 10.330
11.421 28.075 47.038 33.279 6.074 0.005 11.364 10.302
11.563 28.311 47.196 31.638 6.069 0.005 11.502 10.272
11.706 28.548 47.345 29.824 6.065 0.005 11.642 10.241
11.850 28.785 47.485 27.972 6.061 0.005 11.782 10.210
11.995 29.023 47.615 25.928 6.056 0.005 11.924 10.177
12.141 29.262 47.734 23.864 6.052 0.005 12.066 10.144
12.289 29.501 47.842 21.583 6.047 0.005 12.210 10.110
12.437 29.741 47.938 19.256 6.043 0.005 12.354 10.075
12.587 29.981 48.022 16.792 6.038 0.005 12.500 10.039
12.738 30.221 48.093 14.162 6.033 0.005 12.646 10.002
12.891 30.462 48.150 11.455 6.028 0.005 12.793 9.964
13.044 30.703 48.193 8.603 6.023 0.005 12.942 9.925
13.199 30.944 48.221 5.618 6.018 0.005 13.091 9.885
13.355 31.185 48.234 2.488 6.013 0.005 13.242 9.843
13.512 31.426 48.230 -0.753 6.008 0.005 13.393 9.801
13.670 31.667 48.209 -4.136 6.003 0.005 13.545 9.758
13.830 31.908 48.171 -7.653 5.998 0.005 13.699 9.713
13.990 32.149 48.114 -11.304 5.993 0.005 13.853 9.668
14.152 32.389 48.039 -15.088 5.987 0.005 14.008 9.621
14.316 32.629 47.944 -19.005 5.982 0.005 14.164 9.573
14.480 32.868 47.829 -23.044 5.977 0.005 14.321 9.524
14.645 33.106 47.693 -27.235 5.971 0.005 14.478 9.473
14.812 33.344 47.535 -31.537 5.966 0.005 14.637 9.422
14.980 33.581 47.355 -35.962 5.960 0.005 14.796 9.369
15.149 33.817 47.153 -40.494 5.954 0.005 14.956 9.315
15.319 34.051 46.927 -45.195 5.948 0.005 15.117 9.259
15.491 34.285 46.677 -49.941 5.943 0.005 15.279 9.202
15.663 34.517 46.403 -54.840 5.937 0.005 15.441 9.144
15.837 34.747 46.104 -59.820 5.931 0.005 15.605 9.085
16.012 34.976 45.779 -64.901 5.925 0.005 15.769 9.024
16.188 35.203 45.429 -70.061 5.919 0.005 15.933 8.962
16.365 35.428 45.052 -75.321 5.913 0.005 16.099 8.898
16.543 35.652 44.649 -80.609 5.906 0.005 16.265 8.833
16.723 35.873 44.219 -86.016 5.900 0.005 16.431 8.767
16.903 36.092 43.762 -91.429 5.894 0.005 16.598 8.699
17.085 36.308 43.278 -96.886 5.888 0.005 16.766 8.629
17.267 36.522 42.766 -102.408 5.881 0.005 16.934 8.558
17.451 36.733 42.226 -107.911 5.875 0.005 17.103 8.486
17.636 36.941 41.659 -113.425 5.868 0.005 17.272 8.412
17.821 37.147 41.064 -118.956 5.862 0.005 17.442 8.336
18.008 37.349 40.442 -124.445 5.855 0.005 17.612 8.259
18.196 37.548 39.792 -129.896 5.848 0.005 17.783 8.181
18.385 37.743 39.116 -135.319 5.842 0.005 17.954 8.101
18.574 37.935 38.412 -140.665 5.835 0.005 18.125 8.019
18.765 38.124 37.683 -145.927 5.828 0.005 18.296 7.936
18.957 38.308 36.927 -151.123 5.822 0.005 18.468 7.851
19.149 38.489 36.146 -156.174 5.815 0.005 18.640 7.765
19.342 38.666 35.341 -161.142 5.808 0.005 18.812 7.677
19.536 38.838 34.511 -165.939 5.801 0.005 18.985 7.588
19.732 39.007 33.658 -170.602 5.794 0.005 19.157 7.497
19.927 39.171 32.782 -175.094 5.787 0.005 19.330 7.404
20.124 39.330 31.885 -179.400 5.780 0.005 19.502 7.310
20.321 39.485 30.968 -183.513 5.773 0.005 19.675 7.214
20.520 39.635 30.031 -187.415 5.766 0.005 19.848 7.117
20.719 39.780 29.075 -191.095 5.759 0.005 20.020 7.018
20.918 39.921 28.103 -194.538 5.752 0.005 20.193 6.917
21.118 40.056 27.114 -197.737 5.745 0.005 20.365 6.815
21.319 40.187 26.111 -200.673 5.738 0.005 20.537 6.711
21.521 40.312 25.094 -203.344 5.731 0.005 20.709 6.606
21.723 40.433 24.065 -205.737 5.723 0.005 20.881 6.500
21.926 40.548 23.026 -207.844 5.716 0.005 21.052 6.391
22.129 40.658 21.978 -209.660 5.709 0.005 21.223 6.281
22.333 40.762 20.922 -211.172 5.702 0.005 21.394 6.170
22.537 40.862 19.860 -212.390 5.695 0.005 21.564 6.057
22.742 40.956 18.793 -213.291 5.688 0.005 21.734 5.943
22.947 41.044 17.724 -213.891 5.681 0.005 21.904 5.827
23.153 41.128 16.653 -214.170 5.673 0.005 22.073 5.710
23.359 41.206 15.582 -214.154 5.666 0.005 22.241 5.592
23.565 41.278 14.513 -213.814 5.659 0.005 22.409 5.472
23.772 41.345 13.447 -213.177 5.652 0.005 22.577 5.350
23.979 41.407 12.386 -212.230 5.645 0.005 22.743 5.228
24.186 41.464 11.331 -210.995 5.638 0.005 22.909 5.104
24.394 41.515 10.284 -209.460 5.631 0.005 23.075 4.978
24.602 41.562 9.246 -207.651 5.624 0.005 23.239 4.851
24.810 41.603 8.218 -205.552 5.617 0.005 23.403 4.723
25.018 41.639 7.202 -203.199 5.610 0.005 23.567 4.594
25.226 41.670 6.199 -200.591 5.603 0.005 23.729 4.464
25.435 41.696 5.210 -197.729 5.596 0.005 23.891 4.332
25.643 41.717 4.237 -194.642 5.589 0.005 24.052 4.199
25.852 41.733 3.280 -191.329 5.582 0.005 24.211 4.065
26.061 41.745 2.341 -187.817 5.576 0.005 24.371 3.930
26.270 41.752 1.421 -184.109 5.569 0.005 24.529 3.794
26.478 41.755 0.520 -180.229 5.562 0.005 24.686 3.657
26.687 41.753 -0.361 -176.158 5.556 0.005 24.842 3.518
26.896 41.747 -1.221 -171.988 5.549 0.005 24.998 3.379
27.104 41.736 -2.059 -167.631 5.542 0.005 25.152 3.239
27.313 41.722 -2.875 -163.195 5.536 0.005 25.306 3.097
27.522 41.704 -3.668 -158.649 5.529 0.005 25.458 2.955
27.730 41.682 -4.438 -153.987 5.523 0.005 25.610 2.812
27.938 41.656 -5.185 -149.297 5.517 0.005 25.760 2.668
28.146 41.626 -5.907 -144.517 5.510 0.005 25.910 2.523
28.354 41.592 -6.793 -177.031 5.504 0.005 26.058 2.377
28.562 41.553 -7.836 -208.693 5.498 0.005 26.205 2.231
28.770 41.509 -8.848 -202.474 5.492 0.005 26.352 2.084
28.977 41.460 -9.830 -196.256 5.486 0.005 26.497 1.936
29.184 41.406 -10.780 -189.994 5.480 0.005 26.641 1.787
29.391 41.347 -11.698 -183.757 5.474 0.005 26.784 1.638
29.597 41.284 -12.586 -177.551 5.468 0.005 26.926 1.488
29.803 41.217 -13.443 -171.347 5.462 0.005 27.067 1.338
30.009 41.146 -14.269 -165.239 5.456 0.005 27.207 1.187
30.214 41.070 -15.065 -159.163 5.451 0.005 27.345 1.035
30.419 40.991 -15.831 -153.200 5.445 0.005 27.483 0.883
30.624 40.908 -16.567 -147.298 5.440 0.005 27.619 0.731
30.828 40.822 -17.275 -141.514 5.434 0.005 27.755 0.578
31.032 40.732 -17.954 -135.856 5.429 0.005 27.889 0.425
31.235 40.639 -18.606 -130.309 5.424 0.005 28.022 0.271
31.438 40.543 -19.230 -124.888 5.418 0.005 28.154 0.117
31.640 40.444 -19.828 -119.628 5.413 0.005 28.285 -0.037
31.841 40.342 -20.401 -114.495 5.408 0.005 28.414 -0.191
32.043 40.237 -20.949 -109.533 5.403 0.005 28.543 -0.346
32.243 40.130 -21.472 -104.714 5.399 0.005 28.670 -0.501
32.443 40.020 -21.972 -100.059 5.394 0.005 28.797 -0.656
32.643 39.908 -22.450 -95.593 5.389 0.005 28.922 -0.811
32.842 39.793 -22.907 -91.251 5.384 0.005 29.046 -0.967
33.040 39.676 -23.342 -87.125 5.380 0.005 29.170 -1.122
33.238 39.558 -23.758 -83.148 5.375 0.005 29.292 -1.278
33.435 39.437 -24.155 -79.345 5.371 0.005 29.413 -1.434
33.632 39.314 -24.533 -75.716 5.367 0.005 29.533 -1.589
33.828 39.190 -24.895 -72.259 5.363 0.005 29.652 -1.745
34.023 39.064 -25.240 -68.993 5.358 0.005 29.770 -1.901
34.218 38.936 -25.569 -65.852 5.354 0.005 29.886 -2.056
34.412 38.806 -25.884 -62.942 5.350 0.005 30.002 -2.212
34.605 38.675 -26.184 -60.133 5.347 0.005 30.117 -2.368
34.798 38.543 -26.472 -57.536 5.343 0.005 30.231 -2.523
34.990 38.409 -26.747 -55.083 5.339 0.005 30.344 -2.678
35.181 38.274 -27.011 -52.788 5.336 0.005 30.456 -2.834
35.372 38.138 -27.264 -50.648 5.332 0.005 30.567 -2.989
35.562 38.000 -27.508 -48.659 5.329 0.005 30.677 -3.144
35.751 37.862 -27.742 -46.819 5.325 0.005 30.786 -3.298
35.940 37.722 -27.967 -45.122 5.322 0.005 30.894 -3.453
36.128 37.581 -28.185 -43.565 5.319 0.005 31.002 -3.607
36.315 37.439 -28.396 -42.145 5.316 0.005 31.108 -3.761
36.501 37.296 -28.600 -40.863 5.313 0.005 31.214 -3.915
36.687 37.152 -28.799 -39.684 5.310 0.005 31.318 -4.068
36.872 37.007 -28.992 -38.653 5.307 0.005 31.422 -4.221
37.057 36.861 -29.181 -37.743 5.304 0.005 31.525 -4.374
37.240 36.714 -29.365 -36.916 5.301 0.005 31.627 -4.527
37.423 36.566 -29.546 -36.232 5.299 0.005 31.729 -4.679
37.605 36.418 -29.725 -35.645 5.296 0.005 31.829 -4.830
37.786 36.268 -29.900 -35.141 5.294 0.005 31.929 -4.982
37.967 36.118 -30.074 -34.769 5.292 0.005 32.028 -5.133
38.147 35.967 -30.247 -34.450 5.289 0.005 32.127 -5.283
38.326 35.815 -30.418 -34.256 5.287 0.005 32.224 -5.434
38.504 35.662 -30.588 -34.122 5.285 0.005 32.321 -5.583
38.682 35.508 -30.759 -34.081 5.283 0.005 32.417 -5.733
38.859 35.353 -30.929 -34.117 5.281 0.005 32.512 -5.882
39.035 35.198 -31.100 -34.216 5.279 0.005 32.607 -6.030
39.210 35.041 -31.272 -34.403 5.278 0.005 32.701 -6.178
39.384 34.884 -31.446 -34.630 5.276 0.005 32.794 -6.325
39.558 34.726 -31.620 -34.951 5.274 0.005 32.887 -6.472
39.731 34.567 -31.797 -35.295 5.273 0.005 32.979 -6.618
39.903 34.407 -31.976 -35.729 5.271 0.005 33.070 -6.764
40.074 34.246 -32.156 -36.187 5.270 0.005 33.161 -6.909
40.244 34.085 -32.340 -36.712 5.269 0.005 33.251 -7.054
40.414 33.922 -32.526 -37.273 5.267 0.005 33.340 -7.198
40.583 33.759 -32.716 -37.879 5.266 0.005 33.429 -7.342
40.751 33.594 -32.908 -38.528 5.265 0.005 33.517 -7.485
40.918 33.428 -33.104 -39.203 5.264 0.005 33.605 -7.627
41.084 33.262 -33.304 -39.927 5.264 0.005 33.692 -7.769
41.250 33.094 -33.507 -40.664 5.263 0.005 33.779 -7.910
41.414 32.926 -33.715 -41.444 5.262 0.005 33.865 -8.050
41.578 32.756 -33.926 -42.240 5.261 0.005 33.950 -8.190
41.741 32.586 -34.141 -43.060 5.261 0.005 34.035 -8.329
41.903 32.414 -34.361 -43.903 5.260 0.005 34.120 -8.467
42.064 32.241 -34.584 -44.757 5.260 0.005 34.204 -8.605
42.225 32.067 -34.813 -45.633 5.260 0.005 34.287 -8.741
42.384 31.891 -35.045 -46.515 5.260 0.005 34.370 -8.878
42.543 31.715 -35.282 -47.409 5.259 0.005 34.453 -9.013
42.700 31.537 -35.524 -48.310 5.259 0.005 34.535 -9.148
42.857 31.358 -35.831 -61.408 5.259 0.005 34.616 -9.282
43.013 31.178 -36.141 -62.035 5.259 0.005 34.697 -9.415
43.168 30.996 -36.394 -50.609 5.260 0.005 34.778 -9.547
43.322 30.812 -36.652 -51.512 5.260 0.005 34.858 -9.679
43.475 30.628 -36.914 -52.409 5.260 0.005 34.938 -9.809
43.627 30.442 -37.180 -53.300 5.261 0.005 35.017 -9.939
43.779 30.255 -37.451 -54.176 5.261 0.005 35.096 -10.068
43.929 30.066 -37.726 -55.045 5.262 0.005 35.175 -10.197
44.078 29.876 -38.006 -55.891 5.262 0.005 35.253 -10.324
44.227 29.685 -38.289 -56.724 5.263 0.005 35.330 -10.451
44.374 29.492 -38.577 -57.534 5.264 0.005 35.407 -10.576
44.521 29.297 -38.869 -58.318 5.265 0.005 35.484 -10.701
44.666 29.102 -39.164 -59.083 5.266 0.005 35.561 -10.825
44.811 28.904 -39.463 -59.807 5.267 0.005 35.637 -10.948
44.954 28.705 -39.766 -60.514 5.268 0.005 35.712 -11.070
45.097 28.505 -40.071 -61.172 5.269 0.005 35.788 -11.191
45.238 28.303 -40.380 -61.802 5.271 0.005 35.863 -11.311
45.379 28.100 -40.692 -62.387 5.272 0.005 35.937 -11.430
45.518 27.895 -41.007 -62.926 5.273 0.005 36.011 -11.548
45.657 27.688 -41.324 -63.427 5.275 0.005 36.085 -11.665
45.794 27.480 -41.643 -63.862 5.277 0.005 36.158 -11.781
45.930 27.270 -41.965 -64.265 5.278 0.005 36.231 -11.896
46.066 27.059 -42.288 -64.586 5.280 0.005 36.304 -12.011
46.200 26.845 -42.612 -64.872 5.282 0.005 36.376 -12.124
46.333 26.631 -42.937 -65.071 5.284 0.005 36.448 -12.236
46.465 26.414 -43.264 -65.221 5.286 0.005 36.520 -12.347
46.596 26.196 -43.590 -65.287 5.288 0.005 36.591 -12.457
46.726 25.977 -43.916 -65.284 5.290 0.005 36.662 -12.566
46.855 25.756 -44.242 -65.203 5.293 0.005 36.732 -12.673
46.982 25.533 -44.568 -65.030 5.295 0.005 36.802 -12.780
47.109 25.308 -44.891 -64.788 5.298 0.005 36.872 -12.886
47.234 25.082 -45.214 -64.429 5.300 0.005 36.942 -12.990
47.359 24.855 -45.534 -64.004 5.303 0.005 37.011 -13.093
47.482 24.625 -45.851 -63.457 5.305 0.005 37.079 -13.196
47.604 24.395 -46.165 -62.814 5.308 0.005 37.148 -13.297
47.725 24.162 -46.475 -62.072 5.311 0.005 37.216 -13.397
47.844 23.928 -46.781 -61.202 5.314 0.005 37.283 -13.495
47.963 23.693 -47.082 -60.223 5.317 0.005 37.350 -13.593
48.080 23.456 -47.378 -59.131 5.320 0.005 37.417 -13.689
48.196 23.218 -47.668 -57.901 5.324 0.005 37.484 -13.784
48.311 22.978 -47.950 -56.547 5.327 0.005 37.550 -13.878
48.425 22.737 -48.226 -55.058 5.330 0.005 37.615 -13.971
48.537 22.494 -48.493 -53.436 5.334 0.005 37.681 -14.063
48.648 22.251 -48.751 -51.669 5.337 0.005 37.746 -14.153
48.758 22.006 -49.000 -49.756 5.341 0.005 37.810 -14.242
48.867 21.759 -49.238 -47.693 5.345 0.005 37.874 -14.330
48.975 21.512 -49.466 -45.478 5.349 0.005 37.938 -14.417
49.081 21.264 -49.681 -43.110 5.352 0.005 38.001 -14.502
49.186 21.014 -49.884 -40.578 5.356 0.005 38.064 -14.586
49.290 20.764 -50.074 -37.875 5.360 0.005 38.127 -14.669
49.393 20.513 -50.249 -35.031 5.365 0.005 38.189 -14.751
49.494 20.261 -50.409 -31.987 5.369 0.005 38.251 -14.831
49.594 20.008 -50.553 -28.806 5.373 0.005 38.312 -14.910
49.693 19.754 -50.680 -25.430 5.378 0.005 38.373 -14.988
49.790 19.500 -50.789 -21.892 5.382 0.005 38.433 -15.065
49.886 19.246 -50.880 -18.180 5.387 0.005 38.493 -15.140
49.981 18.991 -50.952 -14.296 5.391 0.005 38.552 -15.214
50.075 18.736 -51.003 -10.230 5.396 0.005 38.611 -15.287
50.167 18.481 -51.033 -6.014 5.401 0.005 38.670 -15.358
50.259 18.226 -51.041 -1.602 5.406 0.005 38.728 -15.429
50.348 17.971 -51.026 2.958 5.411 0.005 38.785 -15.497
50.437 17.716 -50.988 7.692 5.416 0.005 38.843 -15.565
50.524 17.461 -50.925 12.577 5.421 0.005 38.899 -15.632
50.610 17.207 -50.837 17.632 5.426 0.005 38.955 -15.697
50.695 16.953 -50.723 22.825 5.432 0.005 39.011 -15.761
50.779 16.701 -50.582 28.168 5.437 0.005 39.066 -15.823
50.861 16.448 -50.414 33.644 5.442 0.005 39.121 -15.885
50.942 16.197 -50.217 39.256 5.448 0.005 39.175 -15.945
51.022 15.947 -49.992 44.975 5.454 0.005 39.229 -16.004
51.100 15.699 -49.738 50.817 5.459 0.005 39.282 -16.062
51.177 15.451 -49.455 56.745 5.465 0.005 39.335 -16.118
51.253 15.206 -49.141 62.774 5.471 0.005 39.387 -16.174
51.328 14.962 -48.796 68.867 5.477 0.005 39.438 -16.228
51.402 14.720 -48.421 75.017 5.483 0.005 39.489 -16.281
51.474 14.480 -48.015 81.228 5.489 0.005 39.540 -16.333
51.545 14.242 -47.578 87.452 5.495 0.005 39.590 -16.383
51.615 14.006 -47.109 93.705 5.501 0.005 39.640 -16.433
51.684 13.773 -46.610 99.945 5.507 0.005 39.689 -16.481
51.752 13.543 -46.079 106.165 5.513 0.005 39.737 -16.528
51.819 13.315 -45.488 118.246 5.520 0.005 39.785 -16.575
51.884 13.091 -44.808 135.853 5.526 0.005 39.832 -16.620
51.948 12.871 -44.074 146.875 5.533 0.005 39.879 -16.664
52.012 12.654 -43.316 151.621 5.539 0.005 39.926 -16.707
52.074 12.442 -42.534 156.294 5.546 0.005 39.972 -16.749
52.135 12.233 -41.730 160.897 5.552 0.005 40.017 -16.790
52.195 12.028 -40.903 165.400 5.559 0.005 40.062 -16.830
52.254 11.828 -40.054 169.790 5.565 0.005 40.106 -16.869
52.312 11.632 -39.184 174.061 5.572 0.005 40.150 -16.907
52.370 11.441 -38.293 178.190 5.579 0.005 40.194 -16.944
52.426 11.254 -37.382 182.156 5.586 0.005 40.237 -16.980
52.481 11.072 -36.452 185.961 5.593 0.005 40.279 -17.016
52.536 10.894 -35.504 189.573 5.600 0.005 40.321 -17.050
52.589 10.721 -34.539 192.991 5.606 0.005 40.363 -17.084
52.642 10.554 -33.558 196.191 5.613 0.005 40.404 -17.117
52.694 10.391 -32.562 199.170 5.620 0.005 40.445 -17.149
52.745 10.233 -31.553 201.906 5.627 0.005 40.486 -17.180
52.796 10.080 -30.531 204.396 5.634 0.005 40.526 -17.211
52.845 9.933 -29.498 206.622 5.641 0.005 40.565 -17.241
52.894 9.791 -28.455 208.576 5.649 0.005 40.605 -17.270
52.943 9.654 -27.404 210.255 5.656 0.005 40.644 -17.299
52.990 9.522 -26.345 211.641 5.663 0.005 40.682 -17.326
53.037 9.395 -25.282 212.738 5.670 0.005 40.721 -17.353
53.084 9.274 -24.214 213.529 5.677 0.005 40.759 -17.380
53.129 9.159 -23.144 214.021 5.684 0.005 40.796 -17.406
53.175 9.048 -22.073 214.202 5.691 0.005 40.834 -17.431
53.219 8.943 -21.003 214.074 5.698 0.005 40.871 -17.456
53.263 8.844 -19.934 213.637 5.706 0.005 40.908 -17.480
53.307 8.749 -18.870 212.886 5.713 0.005 40.945 -17.504
53.351 8.660 -17.811 211.830 5.720 0.005 40.981 -17.527
53.393 8.576 -16.759 210.468 5.727 0.005 41.018 -17.550
53.436 8.498 -15.715 208.804 5.734 0.005 41.054 -17.573
53.478 8.424 -14.680 206.844 5.741 0.005 41.090 -17.594
53.520 8.356 -13.657 204.595 5.748 0.005 41.126 -17.616
53.561 8.293 -12.647 202.065 5.755 0.005 41.161 -17.637
53.602 8.235 -11.651 199.261 5.762 0.005 41.197 -17.657
53.643 8.181 -10.670 196.194 5.769 0.005 41.233 -17.678
53.684 8.133 -9.705 192.874 5.777 0.005 41.268 -17.698
53.724 8.089 -8.759 189.312 5.784 0.005 41.303 -17.717
53.765 8.050 -7.831 185.523 5.790 0.005 41.339 -17.736
53.805 8.015 -6.924 181.513 5.797 0.005 41.374 -17.755
53.845 7.985 -6.037 177.304 5.804 0.005 41.410 -17.774
53.884 7.959 -5.173 172.904 5.811 0.005 41.445 -17.792
53.924 7.938 -4.331 168.329 5.818 0.005 41.480 -17.810
53.964 7.920 -3.513 163.594 5.825 0.005 41.516 -17.827
54.003 7.906 -2.719 158.713 5.832 0.005 41.551 -17.845
54.043 7.897 -1.951 153.702 5.838 0.005 41.587 -17.862
54.082 7.891 -1.208 148.576 5.845 0.005 41.623 -17.879
54.122 7.888 -0.491 143.350 5.852 0.005 41.658 -17.895
54.161 7.889 0.199 138.038 5.858 0.005 41.694 -17.912
54.201 7.893 0.862 132.656 5.865 0.005 41.730 -17.928
54.240 7.901 1.498 127.219 5.871 0.005 41.766 -17.944
54.280 7.911 2.107 121.742 5.878 0.005 41.803 -17.959
54.319 7.925 2.688 116.235 5.884 0.005 41.839 -17.975
54.359 7.941 3.242 110.715 5.891 0.005 41.876 -17.990
54.399 7.960 3.768 105.194 5.897 0.005 41.913 -18.005
54.439 7.981 4.266 99.684 5.903 0.005 41.950 -18.020
54.479 8.005 4.737 94.202 5.909 0.005 41.987 -18.035
54.519 8.031 5.181 88.751 5.916 0.005 42.024 -18.050
54.559 8.059 5.598 83.347 5.922 0.005 42.062 -18.064
54.600 8.089 5.988 77.999 5.928 0.005 42.100 -18.078
54.640 8.121 6.351 72.718 5.934 0.005 42.138 -18.092
54.681 8.154 6.689 67.511 5.940 0.005 42.176 -18.106
54.722 8.189 7.001 62.387 5.945 0.005 42.215 -18.120
54.763 8.225 7.288 57.354 5.951 0.005 42.254 -18.133
54.804 8.263 7.550 52.418 5.957 0.005 42.293 -18.147
54.846 8.302 7.788 47.586 5.963 0.005 42.332 -18.160
54.888 8.342 8.002 42.863 5.968 0.005 42.372 -18.173
54.930 8.383 8.193 38.255 5.974 0.005 42.412 -18.186
54.972 8.425 8.362 33.761 5.979 0.005 42.452 -18.198
55.014 8.467 8.509 29.400 5.985 0.005 42.492 -18.211
55.057 8.511 8.635 25.156 5.990 0.005 42.533 -18.223
55.099 8.554 8.740 21.037 5.995 0.005 42.574 -18.236
55.142 8.598 8.825 17.063 6.001 0.005 42.615 -18.248
55.186 8.643 8.891 13.205 6.006 0.005 42.657 -18.260
55.229 8.688 8.939 9.490 6.011 0.005 42.699 -18.271
55.273 8.732 8.968 5.902 6.016 0.005 42.741 -18.283
55.316 8.777 8.980 2.457 6.021 0.005 42.783 -18.295
55.361 8.822 8.976 -0.871 6.026 0.005 42.826 -18.306
55.405 8.867 8.956 -4.042 6.031 0.005 42.869 -18.317
55.449 8.912 8.920 -7.100 6.036 0.005 42.912 -18.328
55.494 8.956 8.870 -10.023 6.040 0.005 42.955 -18.339
55.539 9.000 8.806 -12.812 6.045 0.005 42.999 -18.350
55.584 9.044 8.729 -15.473 6.049 0.005 43.043 -18.360
55.630 9.087 8.639 -18.013 6.054 0.005 43.087 -18.371
55.676 9.129 8.537 -20.427 6.058 0.005 43.131 -18.381
55.721 9.172 8.423 -22.719 6.063 0.005 43.176 -18.391
55.768 9.213 8.299 -24.894 6.067 0.005 43.221 -18.401
55.814 9.254 8.164 -26.952 6.072 0.005 43.266 -18.411
55.860 9.294 8.019 -28.897 6.076 0.005 43.312 -18.420
55.907 9.333 7.866 -30.732 6.080 0.005 43.358 -18.430
55.954 9.372 7.703 -32.460 6.084 0.005 43.403 -18.439
56.001 9.410 7.533 -34.084 6.088 0.005 43.450 -18.449
56.048 9.446 7.355 -35.608 6.092 0.005 43.496 -18.458
56.095 9.482 7.170 -37.033 6.096 0.005 43.543 -18.467
56.143 9.517 6.978 -38.365 6.100 0.005 43.589 -18.475
56.191 9.551 6.780 -39.605 6.104 0.005 43.636 -18.484
56.239 9.584 6.576 -40.757 6.107 0.005 43.683 -18.492
56.287 9.616 6.367 -41.825 6.111 0.005 43.731 -18.501
56.335 9.646 6.153 -42.811 6.115 0.005 43.778 -18.509
56.383 9.676 5.934 -43.719 6.118 0.005 43.826 -18.517
56.432 9.705 5.712 -44.552 6.122 0.005 43.874 -18.525
56.481 9.732 5.485 -45.313 6.125 0.005 43.922 -18.533
56.529 9.758 5.255 -46.005 6.129 0.005 43.970 -18.540
56.578 9.783 5.022 -46.631 6.132 0.005 44.018 -18.548
56.627 9.807 4.786 -47.199 6.135 0.005 44.067 -18.555
56.676 9.830 4.547 -47.695 6.139 0.005 44.116 -18.562
56.726 9.852 4.307 -48.143 6.142 0.005 44.164 -18.569
56.775 9.872 4.064 -48.535 6.145 0.005 44.213 -18.576
56.825 9.891 3.820 -48.880 6.148 0.005 44.262 -18.583
56.874 9.909 3.574 -49.163 6.151 0.005 44.311 -18.589
56.924 9.926 3.327 -49.405 6.154 0.005 44.361 -18.596
56.973 9.941 3.079 -49.618 6.157 0.005 44.410 -18.602
57.023 9.955 2.830 -49.756 6.160 0.005 44.459 -18.608
57.073 9.968 2.580 -49.891 6.163 0.005 44.509 -18.614
57.123 9.980 2.331 -49.963 6.165 0.005 44.558 -18.620
57.173 9.990 2.081 -50.007 6.168 0.005 44.608 -18.626
57.223 9.999 1.830 -50.023 6.171 0.005 44.658 -18.632
57.273 10.007 1.580 -50.004 6.173 0.005 44.707 -18.637
57.323 10.014 1.331 -49.955 6.176 0.005 44.757 -18.643
57.373 10.019 1.081 -49.878 6.178 0.005 44.807 -18.648
57.423 10.023 0.832 -49.775 6.181 0.005 44.857 -18.653
57.473 10.026 0.584 -49.648 6.183 0.005 44.907 -18.658
57.523 10.028 0.337 -49.509 6.186 0.005 44.956 -18.663
57.574 10.028 0.090 -49.325 6.188 0.005 45.006 -18.668
57.624 10.028 -0.156 -49.151 6.191 0.005 45.056 -18.673
57.674 10.026 -0.400 -48.931 6.193 0.005 45.106 -18.677
57.724 10.022 -0.644 -48.716 6.195 0.005 45.156 -18.682
57.774 10.018 -0.886 -48.476 6.197 0.005 45.206 -18.686
57.824 10.012 -1.127 -48.221 6.199 0.005 45.256 -18.690
57.874 10.005 -1.367 -47.953 6.201 0.005 45.306 -18.695
57.924 9.997 -1.606 -47.673 6.204 0.005 45.356 -18.699
57.974 9.988 -1.843 -47.393 6.206 0.005 45.405 -18.703
58.024 9.978 -2.078 -47.078 6.208 0.005 45.455 -18.706
58.074 9.966 -2.312 -46.789 6.209 0.005 45.505 -18.710
58.124 9.954 -2.544 -46.453 6.211 0.005 45.554 -18.714
58.173 9.940 -2.775 -46.138 6.213 0.005 45.604 -18.717
58.223 9.925 -3.004 -45.805 6.215 0.005 45.654 -18.721
58.272 9.909 -3.231 -45.477 6.217 0.005 45.703 -18.724
58.322 9.891 -3.457 -45.118 6.219 0.005 45.752 -18.727
58.371 9.873 -3.681 -44.789 6.220 0.005 45.802 -18.730
58.421 9.853 -3.903 -44.426 6.222 0.005 45.851 -18.733
58.470 9.833 -4.123 -44.080 6.224 0.005 45.900 -18.736
58.519 9.811 -4.342 -43.722 6.225 0.005 45.949 -18.739
58.568 9.788 -4.559 -43.361 6.227 0.005 45.998 -18.742
58.617 9.764 -4.774 -43.009 6.229 0.005 46.046 -18.745
58.665 9.739 -4.987 -42.633 6.230 0.005 46.095 -18.747
58.714 9.713 -5.198 -42.288 6.232 0.005 46.144 -18.750
58.762 9.686 -5.408 -41.911 6.233 0.005 46.192 -18.752
58.811 9.658 -5.616 -41.556 6.234 0.005 46.240 -18.755
58.859 9.629 -5.822 -41.189 6.236 0.005 46.288 -18.757
58.907 9.599 -6.026 -40.823 6.237 0.005 46.336 -18.759
58.955 9.568 -6.228 -40.470 6.239 0.005 46.384 -18.761
59.002 9.536 -6.429 -40.106 6.240 0.005 46.432 -18.764
59.050 9.503 -6.627 -39.743 6.241 0.005 46.479 -18.766
59.097 9.469 -6.824 -39.390 6.242 0.005 46.526 -18.768
59.144 9.433 -7.019 -39.021 6.244 0.005 46.573 -18.769
59.191 9.397 -7.213 -38.687 6.245 0.005 46.620 -18.771
59.238 9.360 -7.404 -38.315 6.246 0.005 46.667 -18.773
59.285 9.322 -7.594 -37.972 6.247 0.005 46.714 -18.775
59.331 9.283 -7.782 -37.629 6.248 0.005 46.760 -18.776
59.377 9.244 -7.969 -37.268 6.249 0.005 46.806 -18.778
59.423 9.203 -8.153 -36.941 6.250 0.005 46.852 -18.779
59.469 9.161 -8.336 -36.586 6.251 0.005 46.898 -18.781
59.515 9.119 -8.518 -36.252 6.252 0.005 46.944 -18.782
59.560 9.075 -8.697 -35.924 6.253 0.005 46.989 -18.784
59.605 9.031 -8.875 -35.572 6.254 0.005 47.034 -18.785
59.650 8.985 -9.051 -35.257 6.255 0.005 47.079 -18.786
59.695 8.939 -9.226 -34.925 6.256 0.005 47.124 -18.788
59.739 8.892 -9.399 -34.595 6.257 0.005 47.168 -18.789
59.783 8.844 -9.570 -34.269 6.258 0.005 47.212 -18.790
59.827 8.796 -9.740 -33.963 6.259 0.005 47.256 -18.791
59.871 8.746 -9.908 -33.631 6.260 0.005 47.300 -18.792
59.915 8.696 -10.075 -33.324 6.260 0.005 47.344 -18.793
59.958 8.645 -10.240 -33.010 6.261 0.005 47.387 -18.794
60.001 8.593 -10.404 -32.697 6.262 0.005 47.430 -18.795
60.044 8.540 -10.565 -32.394 6.263 0.005 47.472 -18.796
60.086 8.486 -10.726 -32.088 6.263 0.005 47.515 -18.797
60.128 8.432 -10.885 -31.782 6.264 0.005 47.557 -18.797
60.170 8.377 -11.042 -31.494 6.265 0.005 47.599 -18.798
60.212 8.321 -11.198 -31.180 6.266 0.005 47.640 -18.799
60.253 8.264 -11.353 -30.894 6.266 0.005 47.682 -18.800
60.294 8.206 -11.506 -30.601 6.267 0.005 47.723 -18.800
60.335 8.148 -11.657 -30.307 6.267 0.005 47.764 -18.801
60.375 8.089 -11.807 -30.020 6.268 0.005 47.804 -18.802
60.415 8.029 -11.956 -29.729 6.269 0.005 47.844 -18.802
60.455 7.969 -12.103 -29.451 6.269 0.005 47.884 -18.803
60.495 7.907 -12.249 -29.156 6.270 0.005 47.924 -18.803
60.534 7.845 -12.393 -28.888 6.270 0.005 47.963 -18.804
60.573 7.783 -12.536 -28.596 6.271 0.005 48.002 -18.804
60.611 7.719 -12.678 -28.325 6.271 0.005 48.040 -18.805
60.650 7.655 -12.818 -28.038 6.272 0.005 48.079 -18.805
60.688 7.590 -12.957 -27.772 6.272 0.005 48.116 -18.806
60.725 7.525 -13.095 -27.494 6.273 0.005 48.154 -18.806
60.763 7.459 -13.231 -27.216 6.273 0.005 48.191 -18.807
60.800 7.392 -13.365 -26.947 6.274 0.005 48.228 -18.807
60.836 7.325 -13.499 -26.673 6.274 0.005 48.265 -18.807
60.872 7.256 -13.631 -26.403 6.274 0.005 48.301 -18.808
60.908 7.188 -13.761 -26.129 6.275 0.005 48.337 -18.808
60.944 7.118 -13.891 -25.866 6.275 0.005 48.373 -18.808
60.979 7.048 -14.019 -25.588 6.275 0.005 48.408 -18.808
61.014 6.977 -14.145 -25.323 6.276 0.005 48.443 -18.809
61.049 6.906 -14.271 -25.057 6.276 0.005 48.477 -18.809
61.083 6.834 -14.394 -24.781 6.276 0.005 48.512 -18.809
61.117 6.761 -14.517 -24.518 6.277 0.005 48.545 -18.809
61.150 6.688 -14.638 -24.247 6.277 0.005 48.579 -18.810
61.183 6.614 -14.758 -23.980 6.277 0.005 48.612 -18.810
61.216 6.540 -14.877 -23.708 6.278 0.005 48.645 -18.810
61.248 6.465 -14.994 -23.442 6.278 0.005 48.677 -18.810
61.280 6.390 -15.110 -23.169 6.278 0.005 48.709 -18.810
61.312 6.313 -15.224 -22.902 6.278 0.005 48.740 -18.811
61.343 6.237 -15.337 -22.629 6.279 0.005 48.772 -18.811
61.374 6.159 -15.449 -22.360 6.279 0.005 48.802 -18.811
61.404 6.082 -15.560 -22.085 6.279 0.005 48.833 -18.811
61.434 6.003 -15.669 -21.819 6.279 0.005 48.863 -18.811
61.464 5.924 -15.776 -21.537 6.280 0.005 48.892 -18.811
61.493 5.845 -15.883 -21.267 6.280 0.005 48.922 -18.811
61.522 5.765 -15.988 -20.993 6.280 0.005 48.951 -18.811
61.550 5.685 -16.091 -20.711 6.280 0.005 48.979 -18.811
61.578 5.604 -16.193 -20.437 6.280 0.005 49.007 -18.812
61.606 5.522 -16.294 -20.156 6.280 0.005 49.035 -18.812
61.633 5.440 -16.394 -19.879 6.281 0.005 49.062 -18.812
61.660 5.358 -16.492 -19.592 6.281 0.005 49.089 -18.812
61.686 5.275 -16.588 -19.312 6.281 0.005 49.115 -18.812
61.712 5.191 -16.683 -19.027 6.281 0.005 49.141 -18.812
61.738 5.108 -16.777 -18.742 6.281 0.005 49.166 -18.812
61.763 5.023 -16.869 -18.452 6.281 0.005 49.192 -18.812
61.787 4.938 -16.960 -18.164 6.281 0.005 49.216 -18.812
61.812 4.853 -17.049 -17.872 6.281 0.005 49.240 -18.812
61.836 4.767 -17.137 -17.580 6.282 0.005 49.264 -18.812
61.859 4.681 -17.224 -17.285 6.282 0.005 49.288 -18.812
61.882 4.595 -17.309 -16.989 6.282 0.005 49.311 -18.812
61.904 4.508 -17.392 -16.692 6.282 0.005 49.333 -18.812
61.927 4.420 -17.474 -16.390 6.282 0.005 49.355 -18.812
61.948 4.333 -17.555 -16.089 6.282 0.005 49.377 -18.812
61.969 4.244 -17.634 -15.787 6.282 0.005 49.398 -18.812
61.990 4.156 -17.711 -15.478 6.282 0.005 49.419 -18.812
62.011 4.067 -17.787 -15.174 6.282 0.005 49.439 -18.812
62.030 3.978 -17.861 -14.863 6.282 0.005 49.459 -18.812
62.050 3.888 -17.934 -14.551 6.282 0.005 49.479 -18.812
62.069 3.798 -18.005 -14.239 6.282 0.005 49.498 -18.812
62.087 3.708 -18.015 -2.056 6.283 0.005 49.516 -18.812
62.106 3.618 -17.903 22.426 6.283 0.005 49.534 -18.812
62.123 3.530 -17.727 35.147 6.283 0.005 49.552 -18.812
62.140 3.442 -17.549 35.677 6.283 0.005 49.569 -18.812
62.157 3.355 -17.368 36.196 6.283 0.005 49.586 -18.812
62.174 3.269 -17.185 36.701 6.283 0.005 49.602 -18.812
62.189 3.184 -16.999 37.196 6.283 0.005 49.618 -18.812
62.205 3.100 -16.810 37.678 6.283 0.005 49.634 -18.812
62.220 3.017 -16.619 38.148 6.283 0.005 49.649 -18.812
62.235 2.935 -16.426 38.609 6.283 0.005 49.663 -18.812
62.249 2.854 -16.231 39.056 6.283 0.005 49.678 -18.812
62.263 2.774 -16.034 39.492 6.283 0.005 49.692 -18.812
62.276 2.694 -15.834 39.917 6.283 0.005 49.705 -18.812
62.289 2.616 -15.632 40.331 6.283 0.005 49.718 -18.812
62.302 2.539 -15.429 40.734 6.283 0.005 49.731 -18.812
62.314 2.463 -15.223 41.125 6.283 0.005 49.743 -18.812
62.326 2.388 -15.016 41.506 6.283 0.005 49.755 -18.812
62.338 2.314 -14.806 41.875 6.283 0.005 49.767 -18.812
62.349 2.241 -14.595 42.236 6.283 0.005 49.778 -18.812
62.360 2.169 -14.382 42.582 6.283 0.005 49.789 -18.812
62.370 2.098 -14.168 42.922 6.283 0.005 49.799 -18.812
62.381 2.028 -13.951 43.249 6.283 0.005 49.809 -18.812
62.390 1.960 -13.733 43.566 6.283 0.005 49.819 -18.812
62.400 1.892 -13.514 43.874 6.283 0.005 49.829 -18.812
62.409 1.826 -13.293 44.170 6.283 0.005 49.838 -18.812
62.418 1.760 -13.071 44.457 6.283 0.005 49.847 -18.812
62.426 1.696 -12.847 44.735 6.283 0.005 49.855 -18.812
62.434 1.633 -12.622 45.003 6.283 0.005 49.863 -18.812
62.442 1.571 -12.396 45.261 6.283 0.005 49.871 -18.812
62.450 1.510 -12.168 45.510 6.283 0.005 49.879 -18.812
62.457 1.451 -11.940 45.749 6.283 0.005 49.886 -18.812
62.464 1.392 -11.710 45.980 6.283 0.005 49.893 -18.812
62.471 1.335 -11.479 46.201 6.283 0.005 49.899 -18.812
62.477 1.278 -11.247 46.415 6.283 0.005 49.906 -18.812
62.483 1.223 -11.014 46.619 6.283 0.005 49.912 -18.812
62.489 1.169 -10.780 46.815 6.283 0.005 49.918 -18.812
62.495 1.117 -10.545 47.002 6.283 0.005 49.923 -18.812
62.500 1.065 -10.309 47.181 6.283 0.005 49.929 -18.812
62.505 1.015 -10.072 47.352 6.283 0.005 49.934 -18.812
62.510 0.966 -9.834 47.516 6.283 0.005 49.939 -18.812
62.514 0.918 -9.596 47.671 6.283 0.005 49.943 -18.812
62.519 0.871 -9.357 47.820 6.283 0.005 49.948 -18.812
62.523 0.825 -9.117 47.960 6.283 0.005 49.952 -18.812
62.527 0.781 -8.877 48.094 6.283 0.005 49.956 -18.812
62.531 0.738 -8.635 48.221 6.283 0.005 49.959 -18.812
62.534 0.696 -8.394 48.340 6.283 0.005 49.963 -18.812
62.537 0.655 -8.151 48.454 6.283 0.005 49.966 -18.812
62.540 0.615 -7.909 48.560 6.283 0.005 49.969 -18.812
62.543 0.577 -7.665 48.661 6.283 0.005 49.972 -18.812
62.546 0.540 -7.422 48.755 6.283 0.005 49.975 -18.812
62.548 0.504 -7.177 48.844 6.283 0.005 49.977 -18.812
62.551 0.469 -6.933 48.926 6.283 0.005 49.980 -18.812
62.553 0.436 -6.688 49.003 6.283 0.005 49.982 -18.812
62.555 0.404 -6.442 49.075 6.283 0.005 49.984 -18.812
62.557 0.373 -6.197 49.142 6.283 0.005 49.986 -18.812
62.559 0.343 -5.951 49.203 6.283 0.005 49.987 -18.812
62.560 0.315 -5.704 49.260 6.283 0.005 49.989 -18.812
62.562 0.287 -5.458 49.312 6.283 0.005 49.990 -18.812
62.563 0.261 -5.211 49.360 6.283 0.005 49.992 -18.812
62.564 0.236 -4.964 49.404 6.283 0.005 49.993 -18.812
62.565 0.213 -4.717 49.443 6.283 0.005 49.994 -18.812
62.566 0.190 -4.469 49.479 6.283 0.005 49.995 -18.812
62.567 0.169 -4.222 49.511 6.283 0.005 49.996 -18.812
62.568 0.149 -3.974 49.539 6.283 0.005 49.996 -18.812
62.568 0.131 -3.726 49.565 6.283 0.005 49.997 -18.812
62.569 0.113 -3.478 49.587 6.283 0.005 49.998 -18.812
62.569 0.097 -3.230 49.606 6.283 0.005 49.998 -18.812
62.570 0.082 -2.982 49.623 6.283 0.005 49.999 -18.812
62.570 0.069 -2.734 49.637 6.283 0.005 49.999 -18.812
62.570 0.056 -2.486 49.650 6.283 0.005 49.999 -18.812
62.571 0.045 -2.237 49.659 6.283 0.005 49.999 -18.812
62.571 0.035 -1.989 49.668 6.283 0.005 50.000 -18.813
62.571 0.026 -1.741 49.674 6.283 0.005 50.000 -18.812
62.571 0.019 -1.492 49.679 6.283 0.005 50.000 -18.812
62.571 0.013 -1.244 49.682 6.283 0.005 50.000 -18.813
62.571 0.008 -0.996 49.685 6.283 0.005 50.000 -18.813
62.571 0.004 -0.747 49.687 6.283 0.005 50.000 -18.813
62.571 0.002 -0.499 49.687 6.283 0.005 50.000 -18.813
62.571 0.000 -0.250 49.688 6.283 0.005 50.000 -18.813
62.571 0.000 -0.063 37.443 6.283 0.005 50.000 -18.813
0.000 0.001 0.248 49.688 6.283 0.005 0.000 -11.188
0.000 0.002 0.248 -0.000 6.283 0.005 0.000 -11.188
0.000 0.006 0.621 74.532 6.283 0.005 0.000 -11.188
0.000 0.010 0.870 49.687 6.283 0.005 0.000 -11.188
0.000 0.016 1.118 49.686 6.283 0.005 0.000 -11.188
0.000 0.022 1.366 49.684 6.283 0.005 0.000 -11.188
0.000 0.030 1.615 49.681 6.283 0.005 0.000 -11.188
0.001 0.040 1.863 49.677 6.283 0.005 0.001 -11.188
0.001 0.050 2.112 49.671 6.283 0.005 0.001 -11.188
0.001 0.062 2.360 49.664 6.283 0.005 0.001 -11.188
0.002 0.075 2.608 49.655 6.283 0.005 0.002 -11.188
0.002 0.089 2.856 49.644 6.283 0.005 0.002 -11.188
0.003 0.105 3.104 49.631 6.283 0.005 0.003 -11.188
0.003 0.122 3.353 49.615 6.283 0.005 0.003 -11.188
0.004 0.140 3.601 49.597 6.283 0.005 0.004 -11.188
0.005 0.159 3.848 49.577 6.283 0.005 0.005 -11.188
0.006 0.179 4.096 49.553 6.283 0.005 0.006 -11.188
0.007 0.201 4.344 49.526 6.283 0.005 0.007 -11.188
0.008 0.224 4.591 49.496 6.283 0.005 0.008 -11.188
0.009 0.248 4.839 49.462 6.283 0.005 0.009 -11.188
0.010 0.274 5.086 49.424 6.283 0.005 0.010 -11.188
0.012 0.300 5.333 49.383 6.283 0.005 0.012 -11.188
0.013 0.328 5.579 49.337 6.283 0.005 0.013 -11.188
0.015 0.357 5.826 49.287 6.283 0.005 0.015 -11.188
0.017 0.388 6.072 49.233 6.283 0.005 0.017 -11.188
0.019 0.419 6.318 49.174 6.283 0.005 0.019 -11.188
0.022 0.452 6.563 49.110 6.283 0.005 0.022 -11.188
0.024 0.486 6.809 49.041 6.283 0.005 0.024 -11.188
0.027 0.522 7.053 48.966 6.283 0.005 0.027 -11.188
0.029 0.558 7.298 48.887 6.283 0.005 0.029 -11.188
0.032 0.596 7.542 48.801 6.283 0.005 0.032 -11.188
0.035 0.635 7.785 48.710 6.283 0.005 0.035 -11.188
0.039 0.675 8.028 48.612 6.283 0.005 0.039 -11.188
0.042 0.716 8.271 48.509 6.283 0.005 0.042 -11.188
0.046 0.759 8.513 48.399 6.283 0.005 0.046 -11.188
0.050 0.802 8.754 48.283 6.283 0.005 0.050 -11.188
0.054 0.847 8.995 48.159 6.283 0.005 0.054 -11.188
0.059 0.894 9.235 48.029 6.283 0.005 0.059 -11.188
0.064 0.941 9.475 47.892 6.283 0.005 0.064 -11.188
0.069 0.990 9.714 47.748 6.283 0.005 0.069 -11.188
0.074 1.039 9.952 47.596 6.283 0.005 0.074 -11.188
0.079 1.090 10.189 47.436 6.283 0.005 0.079 -11.188
0.085 1.142 10.425 47.269 6.283 0.005 0.085 -11.188
0.091 1.196 10.661 47.094 6.283 0.005 0.091 -11.188
0.097 1.250 10.895 46.911 6.283 0.005 0.097 -11.188
0.104 1.306 11.129 46.719 6.283 0.005 0.104 -11.188
0.111 1.363 11.361 46.520 6.283 0.005 0.111 -11.188
0.118 1.421 11.593 46.311 6.283 0.005 0.118 -11.188
0.125 1.480 11.823 46.094 6.283 0.005 0.125 -11.188
0.133 1.540 12.053 45.868 6.283 0.005 0.133 -11.188
0.141 1.601 12.281 45.633 6.283 0.005 0.141 -11.188
0.149 1.664 12.508 45.389 6.283 0.005 0.149 -11.188
0.158 1.728 12.733 45.135 6.283 0.005 0.158 -11.188
0.167 1.792 12.958 44.873 6.283 0.005 0.167 -11.188
0.176 1.858 13.181 44.599 6.283 0.005 0.176 -11.188
0.186 1.925 13.402 44.318 6.283 0.005 0.186 -11.188
0.196 1.993 13.622 44.025 6.283 0.005 0.196 -11.188
0.206 2.063 13.841 43.724 6.283 0.005 0.206 -11.188
0.217 2.133 14.058 43.412 6.283 0.005 0.217 -11.188
0.228 2.204 14.274 43.089 6.283 0.005 0.228 -11.188
0.239 2.277 14.487 42.757 6.283 0.005 0.239 -11.188
0.251 2.350 14.699 42.413 6.283 0.005 0.251 -11.188
0.263 2.425 14.910 42.059 6.283 0.005 0.263 -11.188
0.275 2.500 15.118 41.696 6.283 0.005 0.275 -11.188
0.288 2.577 15.325 41.320 6.283 0.005 0.288 -11.188
0.301 2.655 15.530 40.935 6.283 0.005 0.301 -11.188
0.315 2.733 15.732 40.537 6.283 0.005 0.315 -11.188
0.329 2.813 15.933 40.129 6.283 0.005 0.329 -11.188
0.344 2.894 16.131 39.709 6.283 0.005 0.344 -11.188
0.359 2.975 16.328 39.280 6.283 0.005 0.359 -11.188
0.374 3.058 16.522 38.836 6.283 0.005 0.374 -11.188
0.390 3.141 16.714 38.384 6.283 0.005 0.390 -11.188
0.406 3.226 16.903 37.920 6.283 0.005 0.406 -11.188
0.422 3.311 17.091 37.441 6.283 0.005 0.422 -11.188
0.439 3.398 17.275 36.954 6.283 0.005 0.439 -11.188
0.457 3.485 17.458 36.455 6.283 0.005 0.457 -11.188
0.475 3.573 17.637 35.941 6.283 0.005 0.475 -11.188
0.493 3.662 17.815 35.419 6.282 0.005 0.493 -11.188
0.512 3.752 17.989 34.881 6.282 0.005 0.512 -11.188
0.531 3.842 18.041 10.333 6.282 0.005 0.531 -11.188
0.550 3.932 17.970 -14.080 6.282 0.005 0.550 -11.188
0.571 4.022 17.898 -14.392 6.282 0.005 0.571 -11.188
0.591 4.111 17.825 -14.705 6.282 0.005 0.591 -11.188
0.612 4.200 17.750 -15.016 6.282 0.005 0.612 -11.188
0.634 4.288 17.673 -15.324 6.282 0.005 0.634 -11.188
0.655 4.376 17.595 -15.631 6.282 0.005 0.655 -11.188
0.678 4.464 17.515 -15.935 6.282 0.005 0.678 -11.188
0.700 4.551 17.434 -16.238 6.282 0.005 0.700 -11.188
0.724 4.637 17.351 -16.540 6.282 0.005 0.724 -11.188
0.747 4.724 17.267 -16.837 6.282 0.005 0.747 -11.188
0.771 4.810 17.181 -17.137 6.281 0.005 0.771 -11.188
0.796 4.895 17.094 -17.430 6.281 0.005 0.796 -11.188
0.821 4.980 17.006 -17.725 6.281 0.005 0.821 -11.188
0.846 5.065 16.916 -18.015 6.281 0.005 0.846 -11.188
0.872 5.149 16.824 -18.308 6.281 0.005 0.872 -11.188
0.898 5.233 16.731 -18.594 6.281 0.005 0.898 -11.188
0.925 5.316 16.637 -18.884 6.281 0.005 0.925 -11.188
0.952 5.398 16.541 -19.164 6.280 0.005 0.952 -11.188
0.979 5.481 16.444 -19.455 6.280 0.005 0.979 -11.188
1.007 5.562 16.345 -19.734 6.280 0.005 1.007 -11.189
1.035 5.644 16.245 -20.011 6.280 0.005 1.035 -11.189
1.064 5.724 16.143 -20.299 6.280 0.005 1.064 -11.189
1.093 5.805 16.040 -20.571 6.280 0.005 1.093 -11.189
1.122 5.884 15.936 -20.851 6.279 0.005 1.122 -11.189
1.152 5.963 15.831 -21.125 6.279 0.005 1.152 -11.189
1.182 6.042 15.724 -21.403 6.279 0.005 1.182 -11.189
1.213 6.120 15.615 -21.675 6.279 0.005 1.213 -11.189
1.244 6.198 15.505 -21.951 6.279 0.005 1.244 -11.189
1.275 6.275 15.394 -22.217 6.278 0.005 1.275 -11.190
1.307 6.351 15.282 -22.496 6.278 0.005 1.307 -11.190
1.339 6.427 15.168 -22.763 6.278 0.005 1.339 -11.190
1.371 6.502 15.053 -23.032 6.278 0.005 1.371 -11.190
1.404 6.577 14.936 -23.307 6.277 0.005 1.404 -11.190
1.438 6.651 14.819 -23.570 6.277 0.005 1.438 -11.190
1.471 6.724 14.699 -23.843 6.277 0.005 1.471 -11.191
1.505 6.797 14.579 -24.114 6.276 0.005 1.505 -11.191
1.540 6.870 14.457 -24.376 6.276 0.005 1.540 -11.191
1.574 6.941 14.334 -24.651 6.276 0.005 1.574 -11.191
1.609 7.012 14.209 -24.914 6.275 0.005 1.609 -11.192
1.645 7.083 14.083 -25.192 6.275 0.005 1.645 -11.192
1.680 7.152 13.956 -25.449 6.275 0.005 1.680 -11.192
1.717 7.222 13.827 -25.727 6.274 0.005 1.717 -11.193
1.753 7.290 13.697 -25.992 6.274 0.005 1.753 -11.193
1.790 7.358 13.566 -26.269 6.273 0.005 1.790 -11.193
1.827 7.425 13.433 -26.532 6.273 0.005 1.827 -11.194
1.864 7.492 13.299 -26.806 6.272 0.005 1.864 -11.194
1.902 7.557 13.164 -27.083 6.272 0.005 1.902 -11.194
1.940 7.623 13.027 -27.351 6.272 0.005 1.940 -11.195
1.979 7.687 12.889 -27.630 6.271 0.005 1.979 -11.195
2.017 7.751 12.749 -27.903 6.271 0.005 2.017 -11.196
2.057 7.814 12.608 -28.182 6.270 0.005 2.057 -11.196
2.096 7.876 12.466 -28.455 6.269 0.005 2.096 -11.197
2.136 7.938 12.322 -28.741 6.269 0.005 2.136 -11.197
2.176 7.999 12.177 -29.021 6.268 0.005 2.176 -11.198
2.216 8.059 12.031 -29.296 6.268 0.005 2.216 -11.199
2.256 8.118 11.883 -29.595 6.267 0.005 2.256 -11.199
2.297 8.177 11.734 -29.869 6.267 0.005 2.297 -11.200
2.339 8.235 11.583 -30.161 6.266 0.005 2.338 -11.201
2.380 8.292 11.430 -30.455 6.265 0.005 2.380 -11.201
2.422 8.348 11.277 -30.739 6.265 0.005 2.422 -11.202
2.464 8.404 11.122 -31.042 6.264 0.005 2.464 -11.203
2.506 8.459 10.965 -31.333 6.263 0.005 2.506 -11.204
2.549 8.513 10.807 -31.634 6.262 0.005 2.549 -11.205
2.591 8.566 10.647 -31.929 6.262 0.005 2.591 -11.206
2.635 8.618 10.486 -32.242 6.261 0.005 2.634 -11.206
2.678 8.670 10.323 -32.544 6.260 0.005 2.678 -11.207
2.722 8.721 10.159 -32.851 6.259 0.005 2.721 -11.208
2.765 8.771 9.993 -33.160 6.258 0.005 2.765 -11.210
2.809 8.820 9.826 -33.480 6.258 0.005 2.809 -11.211
2.854 8.868 9.657 -33.792 6.257 0.005 2.854 -11.212
2.898 8.916 9.486 -34.113 6.256 0.005 2.898 -11.213
2.943 8.962 9.314 -34.429 6.255 0.005 2.943 -11.214
2.988 9.008 9.140 -34.764 6.254 0.005 2.988 -11.216
3.033 9.053 8.965 -35.079 6.253 0.005 3.033 -11.217
3.079 9.097 8.788 -35.413 6.252 0.005 3.079 -11.218
3.125 9.140 8.609 -35.749 6.251 0.005 3.124 -11.220
3.171 9.182 8.429 -36.085 6.250 0.005 3.170 -11.221
3.217 9.223 8.247 -36.414 6.249 0.005 3.216 -11.223
3.263 9.263 8.063 -36.760 6.248 0.005 3.263 -11.224
3.310 9.303 7.877 -37.101 6.247 0.005 3.309 -11.226
3.356 9.341 7.690 -37.448 6.245 0.005 3.356 -11.228
3.403 9.379 7.501 -37.797 6.244 0.005 3.403 -11.230
3.450 9.415 7.310 -38.143 6.243 0.005 3.450 -11.232
3.497 9.451 7.118 -38.493 6.242 0.005 3.497 -11.233
3.545 9.485 6.924 -38.851 6.240 0.005 3.544 -11.235
3.592 9.519 6.728 -39.210 6.239 0.005 3.592 -11.237
3.640 9.552 6.530 -39.558 6.238 0.005 3.640 -11.240
3.688 9.583 6.330 -39.926 6.237 0.005 3.687 -11.242
3.736 9.614 6.129 -40.279 6.235 0.005 3.735 -11.244
3.784 9.644 5.925 -40.644 6.234 0.005 3.784 -11.246
3.833 9.672 5.720 -41.009 6.232 0.005 3.832 -11.249
3.881 9.700 5.514 -41.364 6.231 0.005 3.880 -11.251
3.930 9.726 5.305 -41.738 6.229 0.005 3.929 -11.254
3.979 9.752 5.094 -42.091 6.228 0.005 3.978 -11.257
4.028 9.776 4.882 -42.456 6.226 0.005 4.026 -11.259
4.077 9.800 4.668 -42.821 6.225 0.005 4.075 -11.262
4.126 9.822 4.452 -43.185 6.223 0.005 4.124 -11.265
4.175 9.843 4.234 -43.535 6.221 0.005 4.173 -11.268
4.224 9.863 4.015 -43.903 6.220 0.005 4.223 -11.271
4.274 9.882 3.794 -44.249 6.218 0.005 4.272 -11.274
4.323 9.900 3.571 -44.603 6.216 0.005 4.321 -11.278
4.373 9.917 3.346 -44.954 6.214 0.005 4.371 -11.281
4.422 9.932 3.119 -45.300 6.212 0.005 4.420 -11.285
4.472 9.947 2.891 -45.635 6.210 0.005 4.470 -11.288
4.522 9.960 2.661 -45.969 6.209 0.005 4.520 -11.292
4.572 9.972 2.430 -46.296 6.207 0.005 4.569 -11.296
4.622 9.983 2.197 -46.622 6.205 0.005 4.619 -11.299
4.672 9.993 1.962 -46.930 6.203 0.005 4.669 -11.303
4.722 10.002 1.726 -47.236 6.200 0.005 4.719 -11.307
4.772 10.009 1.488 -47.527 6.198 0.005 4.769 -11.312
4.822 10.015 1.249 -47.816 6.196 0.005 4.819 -11.316
4.872 10.020 1.009 -48.090 6.194 0.005 4.868 -11.320
4.922 10.024 0.767 -48.346 6.192 0.005 4.918 -11.325
4.972 10.027 0.524 -48.590 6.189 0.005 4.968 -11.330
5.022 10.028 0.280 -48.831 6.187 0.005 5.018 -11.334
5.072 10.028 0.035 -49.040 6.185 0.005 5.068 -11.339
5.123 10.027 -0.211 -49.240 6.182 0.005 5.118 -11.344
5.173 10.025 -0.458 -49.420 6.180 0.005 5.168 -11.349
5.223 10.022 -0.706 -49.570 6.177 0.005 5.218 -11.354
5.273 10.017 -0.955 -49.725 6.175 0.005 5.267 -11.360
5.323 10.011 -1.204 -49.825 6.172 0.005 5.317 -11.365
5.373 10.003 -1.454 -49.921 6.169 0.005 5.367 -11.371
5.423 9.995 -1.704 -49.978 6.167 0.005 5.417 -11.377
5.473 9.985 -1.954 -50.022 6.164 0.005 5.466 -11.383
5.523 9.974 -2.204 -50.018 6.161 0.005 5.516 -11.389
5.573 9.962 -2.454 -49.990 6.158 0.005 5.565 -11.395
5.622 9.948 -2.703 -49.929 6.155 0.005 5.614 -11.401
5.672 9.934 -2.953 -49.834 6.152 0.005 5.664 -11.407
5.722 9.918 -3.201 -49.692 6.149 0.005 5.713 -11.414
5.771 9.900 -3.449 -49.516 6.146 0.005 5.762 -11.421
5.820 9.882 -3.695 -49.297 6.143 0.005 5.811 -11.427
5.870 9.862 -3.940 -49.030 6.140 0.005 5.860 -11.434
5.919 9.841 -4.184 -48.715 6.137 0.005 5.908 -11.441
5.968 9.819 -4.426 -48.344 6.134 0.005 5.957 -11.449
6.017 9.796 -4.665 -47.937 6.130 0.005 6.005 -11.456
6.066 9.771 -4.903 -47.461 6.127 0.005 6.054 -11.464
6.115 9.746 -5.137 -46.915 6.124 0.005 6.102 -11.471
6.163 9.719 -5.369 -46.344 6.120 0.005 6.150 -11.479
6.212 9.691 -5.597 -45.664 6.117 0.005 6.197 -11.487
6.260 9.662 -5.822 -44.955 6.113 0.005 6.245 -11.495
6.308 9.631 -6.043 -44.145 6.109 0.005 6.293 -11.503
6.356 9.600 -6.259 -43.289 6.106 0.005 6.340 -11.512
6.404 9.568 -6.471 -42.328 6.102 0.005 6.387 -11.520
6.452 9.534 -6.677 -41.319 6.098 0.005 6.434 -11.529
6.499 9.500 -6.878 -40.190 6.094 0.005 6.480 -11.538
6.546 9.465 -7.073 -39.017 6.090 0.005 6.527 -11.547
6.594 9.428 -7.262 -37.711 6.086 0.005 6.573 -11.556
6.641 9.391 -7.444 -36.352 6.082 0.005 6.619 -11.565
6.687 9.353 -7.618 -34.863 6.078 0.005 6.665 -11.575
6.734 9.314 -7.784 -33.304 6.074 0.005 6.711 -11.584
6.780 9.274 -7.943 -31.617 6.069 0.005 6.756 -11.594
6.826 9.234 -8.092 -29.848 6.065 0.005 6.801 -11.604
6.872 9.193 -8.232 -27.947 6.061 0.005 6.846 -11.614
6.918 9.151 -8.361 -25.960 6.056 0.005 6.890 -11.624
6.964 9.109 -8.480 -23.829 6.052 0.005 6.935 -11.634
7.009 9.066 -8.589 -21.612 6.047 0.005 6.979 -11.645
7.054 9.022 -8.685 -19.252 6.043 0.005 7.023 -11.656
7.099 8.978 -8.769 -16.774 6.038 0.005 7.066 -11.666
7.144 8.934 -8.840 -14.185 6.033 0.005 7.110 -11.677
7.188 8.890 -8.897 -11.453 6.028 0.005 7.153 -11.688
7.232 8.845 -8.940 -8.597 6.023 0.005 7.195 -11.700
7.276 8.800 -8.968 -5.612 6.018 0.005 7.238 -11.711
7.320 8.755 -8.980 -2.499 6.013 0.005 7.280 -11.723
7.364 8.710 -8.977 0.753 6.008 0.005 7.322 -11.734
7.407 8.666 -8.956 4.136 6.003 0.005 7.364 -11.746
7.450 8.621 -8.918 7.652 5.998 0.005 7.405 -11.758
7.493 8.577 -8.861 11.303 5.993 0.005 7.446 -11.770
7.536 8.533 -8.786 15.087 5.987 0.005 7.487 -11.783
7.578 8.489 -8.691 19.003 5.982 0.005 7.528 -11.795
7.620 8.446 -8.575 23.053 5.977 0.005 7.568 -11.808
7.662 8.404 -8.439 27.227 5.971 0.005 7.608 -11.821
7.704 8.363 -8.282 31.531 5.966 0.005 7.648 -11.834
7.746 8.322 -8.102 35.960 5.960 0.005 7.687 -11.847
7.787 8.283 -7.899 40.513 5.954 0.005 7.726 -11.860
7.828 8.244 -7.673 45.170 5.948 0.005 7.765 -11.873
7.869 8.207 -7.424 49.955 5.943 0.005 7.804 -11.887
7.910 8.172 -7.150 54.835 5.937 0.005 7.843 -11.901
7.951 8.137 -6.850 59.821 5.931 0.005 7.881 -11.915
7.992 8.105 -6.526 64.899 5.925 0.005 7.919 -11.929
8.032 8.074 -6.176 70.066 5.919 0.005 7.957 -11.943
8.072 8.045 -5.799 75.308 5.913 0.005 7.994 -11.958
8.112 8.018 -5.396 80.629 5.906 0.005 8.031 -11.972
8.152 7.993 -4.966 85.998 5.900 0.005 8.069 -11.987
8.192 7.970 -4.509 91.430 5.894 0.005 8.106 -12.002
8.232 7.950 -4.024 96.901 5.888 0.005 8.142 -12.017
8.271 7.933 -3.512 102.394 5.881 0.005 8.179 -12.033
8.311 7.918 -2.973 107.913 5.875 0.005 8.215 -12.048
8.351 7.906 -2.406 113.436 5.868 0.005 8.251 -12.064
8.390 7.897 -1.811 118.948 5.862 0.005 8.287 -12.080
8.430 7.891 -1.189 124.443 5.855 0.005 8.323 -12.096
8.469 7.888 -0.539 129.905 5.848 0.005 8.359 -12.113
8.508 7.889 0.137 135.314 5.842 0.005 8.395 -12.130
8.548 7.893 0.841 140.664 5.835 0.005 8.431 -12.147
8.587 7.901 1.570 145.937 5.828 0.005 8.466 -12.164
8.627 7.913 2.326 151.112 5.822 0.005 8.502 -12.181
8.667 7.928 3.107 156.188 5.815 0.005 8.537 -12.199
8.706 7.948 3.913 161.133 5.808 0.005 8.572 -12.217
8.746 7.971 4.742 165.946 5.801 0.005 8.608 -12.236
8.786 7.999 5.595 170.603 5.794 0.005 8.643 -12.254
8.826 8.032 6.471 175.094 5.787 0.005 8.679 -12.273
8.867 8.069 7.368 179.403 5.780 0.005 8.714 -12.292
8.907 8.110 8.285 183.515 5.773 0.005 8.749 -12.312
8.948 8.156 9.223 187.417 5.766 0.005 8.785 -12.332
8.989 8.207 10.178 191.097 5.759 0.005 8.821 -12.353
9.030 8.263 11.151 194.541 5.752 0.005 8.856 -12.373
9.072 8.323 12.139 197.737 5.745 0.005 8.892 -12.395
9.114 8.389 13.143 200.676 5.738 0.005 8.928 -12.416
9.156 8.460 14.160 203.347 5.731 0.005 8.964 -12.438
9.199 8.536 15.188 205.740 5.723 0.005 9.000 -12.461
9.242 8.617 16.227 207.847 5.716 0.005 9.037 -12.484
9.285 8.703 17.276 209.661 5.709 0.005 9.073 -12.507
9.329 8.795 18.332 211.178 5.702 0.005 9.110 -12.531
9.374 8.892 19.394 212.389 5.695 0.005 9.147 -12.556
9.419 8.994 20.460 213.296 5.688 0.005 9.185 -12.581
9.464 9.102 21.530 213.891 5.681 0.005 9.222 -12.607
9.510 9.215 22.600 214.178 5.673 0.005 9.260 -12.633
9.557 9.333 23.671 214.151 5.666 0.005 9.298 -12.660
9.604 9.457 24.740 213.819 5.659 0.005 9.337 -12.687
9.652 9.586 25.806 213.178 5.652 0.005 9.376 -12.715
9.701 9.720 26.867 212.237 5.645 0.005 9.415 -12.744
9.750 9.860 27.922 210.995 5.638 0.005 9.454 -12.774
9.800 10.005 28.970 209.465 5.631 0.005 9.494 -12.804
9.851 10.155 30.008 207.649 5.624 0.005 9.534 -12.835
9.903 10.310 31.036 205.560 5.617 0.005 9.575 -12.867
9.955 10.470 32.052 203.203 5.610 0.005 9.616 -12.899
10.008 10.636 33.055 200.589 5.603 0.005 9.657 -12.932
10.062 10.806 34.043 197.733 5.596 0.005 9.699 -12.967
10.117 10.981 35.017 194.643 5.589 0.005 9.742 -13.002
10.173 11.161 35.973 191.335 5.582 0.005 9.784 -13.037
10.230 11.345 36.912 187.819 5.576 0.005 9.828 -13.074
10.287 11.535 37.833 184.110 5.569 0.005 9.871 -13.112
10.346 11.728 38.734 180.222 5.562 0.005 9.915 -13.150
10.406 11.926 39.615 176.178 5.556 0.005 9.960 -13.190
10.466 12.129 40.475 171.972 5.549 0.005 10.005 -13.230
10.528 12.335 41.313 167.648 5.542 0.005 10.051 -13.272
10.591 12.546 42.129 163.194 5.536 0.005 10.097 -13.314
10.654 12.760 42.922 158.640 5.529 0.005 10.144 -13.358
10.719 12.979 43.692 154.007 5.523 0.005 10.191 -13.402
10.785 13.201 44.439 149.288 5.517 0.005 10.239 -13.448
10.852 13.427 45.161 144.522 5.510 0.005 10.287 -13.495
10.921 13.656 45.798 127.347 5.504 0.005 10.336 -13.543
10.990 13.888 46.345 109.311 5.498 0.005 10.385 -13.591
11.061 14.122 46.860 103.111 5.492 0.005 10.435 -13.642
11.133 14.359 47.344 96.870 5.486 0.005 10.485 -13.693
11.206 14.598 47.798 90.628 5.480 0.005 10.536 -13.745
11.280 14.839 48.219 84.385 5.474 0.005 10.587 -13.799
11.355 15.082 48.610 78.162 5.468 0.005 10.639 -13.853
11.432 15.327 48.970 71.988 5.462 0.005 10.691 -13.909
11.510 15.573 49.300 65.853 5.456 0.005 10.744 -13.967
11.589 15.821 49.598 59.798 5.451 0.005 10.798 -14.025
11.669 16.070 49.868 53.811 5.445 0.005 10.852 -14.084
11.751 16.321 50.107 47.929 5.440 0.005 10.906 -14.145
11.834 16.573 50.318 42.146 5.434 0.005 10.961 -14.207
11.918 16.825 50.500 36.473 5.429 0.005 11.016 -14.271
12.003 17.078 50.655 30.929 5.424 0.005 11.072 -14.335
12.090 17.332 50.783 25.522 5.418 0.005 11.129 -14.401
12.178 17.587 50.884 20.246 5.413 0.005 11.185 -14.468
12.267 17.841 50.959 15.125 5.408 0.005 11.243 -14.536
12.357 18.097 51.010 10.150 5.403 0.005 11.301 -14.606
12.449 18.352 51.037 5.340 5.399 0.005 11.359 -14.677
12.542 18.607 51.040 0.692 5.394 0.005 11.418 -14.749
12.636 18.862 51.021 -3.802 5.389 0.005 11.477 -14.822
12.732 19.117 50.981 -8.106 5.384 0.005 11.537 -14.897
12.829 19.372 50.919 -12.260 5.380 0.005 11.597 -14.973
12.927 19.626 50.838 -16.232 5.375 0.005 11.657 -15.050
13.026 19.879 50.738 -20.031 5.371 0.005 11.718 -15.129
13.127 20.133 50.620 -23.657 5.367 0.005 11.780 -15.208
13.229 20.385 50.484 -27.111 5.363 0.005 11.842 -15.289
13.332 20.637 50.332 -30.403 5.358 0.005 11.904 -15.372
13.437 20.887 50.165 -33.501 5.354 0.005 11.967 -15.455
13.542 21.137 49.982 -36.463 5.350 0.005 12.030 -15.540
13.649 21.386 49.786 -39.223 5.347 0.005 12.093 -15.626
13.757 21.634 49.577 -41.845 5.343 0.005 12.157 -15.713
13.867 21.881 49.356 -44.297 5.339 0.005 12.222 -15.802
13.977 22.127 49.123 -46.591 5.336 0.005 12.286 -15.891
14.089 22.371 48.879 -48.730 5.332 0.005 12.351 -15.982
14.202 22.614 48.625 -50.717 5.329 0.005 12.417 -16.074
14.317 22.856 48.363 -52.557 5.325 0.005 12.483 -16.168
14.432 23.096 48.091 -54.254 5.322 0.005 12.549 -16.262
14.549 23.335 47.812 -55.811 5.319 0.005 12.616 -16.358
14.667 23.573 47.526 -57.232 5.316 0.005 12.683 -16.455
14.786 23.809 47.234 -58.527 5.313 0.005 12.750 -16.553
14.906 24.044 46.935 -59.678 5.310 0.005 12.818 -16.653
15.027 24.277 46.632 -60.723 5.307 0.005 12.886 -16.753
15.150 24.509 46.323 -61.652 5.304 0.005 12.955 -16.855
15.274 24.739 46.011 -62.444 5.301 0.005 13.023 -16.957
15.398 24.967 45.695 -63.149 5.299 0.005 13.093 -17.061
15.524 25.194 45.377 -63.742 5.296 0.005 13.162 -17.166
15.652 25.419 45.056 -64.221 5.294 0.005 13.232 -17.272
15.780 25.643 44.732 -64.627 5.292 0.005 13.302 -17.380
15.909 25.865 44.408 -64.911 5.289 0.005 13.373 -17.488
16.039 26.085 44.082 -65.132 5.287 0.005 13.444 -17.597
16.171 26.304 43.756 -65.251 5.285 0.005 13.515 -17.708
16.304 26.521 43.429 -65.296 5.283 0.005 13.587 -17.819
16.437 26.737 43.103 -65.265 5.281 0.005 13.659 -17.932
16.572 26.951 42.777 -65.154 5.279 0.005 13.732 -18.046
16.708 27.163 42.452 -64.986 5.278 0.005 13.805 -18.160
16.845 27.374 42.129 -64.733 5.276 0.005 13.878 -18.276
16.983 27.583 41.807 -64.443 5.274 0.005 13.951 -18.392
17.122 27.790 41.486 -64.066 5.273 0.005 14.025 -18.510
17.262 27.996 41.168 -63.661 5.271 0.005 14.100 -18.629
17.403 28.200 40.852 -63.182 5.270 0.005 14.174 -18.748
17.545 28.403 40.539 -62.669 5.269 0.005 14.249 -18.869
17.688 28.604 40.228 -62.103 5.267 0.005 14.325 -18.990
17.832 28.804 39.921 -61.496 5.266 0.005 14.401 -19.113
17.977 29.002 39.616 -60.855 5.265 0.005 14.477 -19.236
18.123 29.198 39.316 -60.167 5.264 0.005 14.554 -19.360
18.270 29.393 39.018 -59.459 5.264 0.005 14.631 -19.486
18.418 29.587 38.725 -58.706 5.263 0.005 14.708 -19.612
18.566 29.779 38.435 -57.938 5.262 0.005 14.786 -19.739
18.716 29.970 38.149 -57.137 5.261 0.005 14.864 -19.866
18.867 30.159 37.868 -56.316 5.261 0.005 14.943 -19.995
19.019 30.347 37.590 -55.478 5.260 0.005 15.022 -20.125
19.171 30.534 37.317 -54.616 5.260 0.005 15.101 -20.255
19.325 30.719 37.049 -53.747 5.260 0.005 15.181 -20.386
19.480 30.903 36.784 -52.861 5.260 0.005 15.262 -20.518
19.635 31.086 36.524 -51.968 5.259 0.005 15.342 -20.651
19.791 31.267 36.269 -51.068 5.259 0.005 15.424 -20.784
19.949 31.447 35.957 -62.460 5.259 0.005 15.506 -20.919
20.107 31.625 35.648 -61.833 5.259 0.005 15.588 -21.054
20.266 31.802 35.404 -48.769 5.260 0.005 15.671 -21.189
20.426 31.978 35.164 -47.865 5.260 0.005 15.754 -21.326
20.586 32.152 34.930 -46.968 5.260 0.005 15.837 -21.463
20.748 32.326 34.699 -46.079 5.261 0.005 15.922 -21.601
20.910 32.498 34.473 -45.198 5.261 0.005 16.006 -21.740
21.074 32.670 34.252 -44.337 5.262 0.005 16.092 -21.879
21.238 32.840 34.034 -43.483 5.262 0.005 16.177 -22.019
21.403 33.009 33.821 -42.655 5.263 0.005 16.264 -22.160
21.569 33.177 33.612 -41.844 5.264 0.005 16.351 -22.301
21.736 33.344 33.406 -41.055 5.265 0.005 16.438 -22.443
21.903 33.510 33.205 -40.301 5.266 0.005 16.526 -22.586
22.072 33.675 33.007 -39.561 5.267 0.005 16.615 -22.729
22.241 33.839 32.813 -38.872 5.268 0.005 16.704 -22.873
22.411 34.002 32.622 -38.200 5.269 0.005 16.794 -23.017
22.582 34.164 32.434 -37.578 5.271 0.005 16.884 -23.162
22.753 34.326 32.249 -36.991 5.272 0.005 16.975 -23.308
22.926 34.486 32.067 -36.447 5.273 0.005 17.067 -23.454
23.099 34.645 31.887 -35.959 5.275 0.005 17.159 -23.600
23.273 34.804 31.709 -35.503 5.277 0.005 17.252 -23.747
23.448 34.962 31.534 -35.127 5.278 0.005 17.345 -23.895
23.623 35.118 31.360 -34.776 5.280 0.005 17.440 -24.043
23.800 35.274 31.187 -34.520 5.282 0.005 17.535 -24.192
23.977 35.429 31.016 -34.295 5.284 0.005 17.630 -24.341
24.155 35.584 30.845 -34.165 5.286 0.005 17.727 -24.490
24.333 35.737 30.674 -34.087 5.288 0.005 17.824 -24.640
24.513 35.890 30.504 -34.093 5.290 0.005 17.922 -24.791
24.693 36.041 30.333 -34.180 5.293 0.005 18.020 -24.941
24.874 36.192 30.161 -34.336 5.295 0.005 18.120 -25.093
25.056 36.342 29.988 -34.606 5.298 0.005 18.220 -25.244
25.238 36.491 29.814 -34.929 5.300 0.005 18.321 -25.396
25.421 36.639 29.637 -35.389 5.303 0.005 18.423 -25.549
25.605 36.786 29.457 -35.916 5.305 0.005 18.525 -25.701
25.790 36.933 29.274 -36.556 5.308 0.005 18.629 -25.854
25.975 37.078 29.088 -37.319 5.311 0.005 18.733 -26.008
26.162 37.223 28.897 -38.169 5.314 0.005 18.838 -26.161
26.348 37.366 28.701 -39.147 5.317 0.005 18.944 -26.315
26.536 37.509 28.500 -40.258 5.320 0.005 19.051 -26.469
26.724 37.650 28.293 -41.475 5.324 0.005 19.159 -26.623
26.913 37.791 28.078 -42.829 5.327 0.005 19.267 -26.778
27.103 37.930 27.857 -44.314 5.330 0.005 19.377 -26.933
27.293 38.068 27.627 -45.944 5.334 0.005 19.488 -27.088
27.484 38.205 27.389 -47.711 5.337 0.005 19.599 -27.243
27.676 38.341 27.140 -49.622 5.341 0.005 19.712 -27.398
27.868 38.475 26.882 -51.681 5.345 0.005 19.825 -27.554
28.061 38.608 26.613 -53.897 5.349 0.005 19.939 -27.709
28.255 38.740 26.331 -56.274 5.352 0.005 20.055 -27.865
28.449 38.870 26.037 -58.804 5.356 0.005 20.171 -28.020
28.644 38.999 25.730 -61.482 5.360 0.005 20.288 -28.176
28.840 39.126 25.408 -64.370 5.365 0.005 20.407 -28.332
29.036 39.251 25.071 -67.364 5.369 0.005 20.526 -28.487
29.233 39.375 24.718 -70.590 5.373 0.005 20.647 -28.643
29.431 39.496 24.348 -73.941 5.378 0.005 20.768 -28.799
29.629 39.616 23.961 -77.483 5.382 0.005 20.891 -28.954
29.827 39.734 23.555 -81.198 5.387 0.005 21.015 -29.110
30.027 39.850 23.130 -85.087 5.391 0.005 21.139 -29.265
30.226 39.963 22.684 -89.128 5.396 0.005 21.265 -29.420
30.427 40.074 22.217 -93.386 5.401 0.005 21.392 -29.575
30.628 40.183 21.728 -97.758 5.406 0.005 21.520 -29.730
30.829 40.289 21.217 -102.338 5.411 0.005 21.649 -29.885
31.031 40.392 20.681 -107.061 5.416 0.005 21.780 -30.039
31.234 40.493 20.121 -111.968 5.421 0.005 21.911 -30.193
31.436 40.591 19.536 -116.998 5.426 0.005 22.043 -30.347
31.640 40.685 18.925 -122.205 5.432 0.005 22.177 -30.500
31.844 40.777 18.288 -127.541 5.437 0.005 22.312 -30.653
32.048 40.865 17.623 -133.025 5.442 0.005 22.448 -30.806
32.253 40.949 16.929 -138.619 5.448 0.005 22.585 -30.958
32.458 41.030 16.208 -144.362 5.454 0.005 22.723 -31.110
32.664 41.108 15.457 -150.184 5.459 0.005 22.862 -31.261
32.869 41.181 14.676 -156.134 5.465 0.005 23.002 -31.412
33.076 41.250 13.865 -162.136 5.471 0.005 23.144 -31.562
33.282 41.316 13.024 -168.238 5.477 0.005 23.286 -31.712
33.489 41.376 12.152 -174.412 5.483 0.005 23.430 -31.860
33.696 41.433 11.249 -180.585 5.489 0.005 23.574 -32.009
33.904 41.484 10.315 -186.840 5.495 0.005 23.720 -32.156
34.111 41.531 9.350 -193.069 5.501 0.005 23.867 -32.303
34.319 41.573 8.353 -199.319 5.507 0.005 24.015 -32.449
34.527 41.609 7.325 -205.548 5.513 0.005 24.164 -32.594
34.735 41.641 6.360 -193.121 5.520 0.005 24.314 -32.739
34.944 41.669 5.554 -161.054 5.526 0.005 24.465 -32.882
35.152 41.693 4.820 -146.876 5.533 0.005 24.617 -33.025
35.361 41.713 4.062 -151.610 5.539 0.005 24.770 -33.167
35.570 41.730 3.281 -156.303 5.546 0.005 24.924 -33.308
35.778 41.742 2.476 -160.889 5.552 0.005 25.079 -33.448
35.987 41.750 1.649 -165.392 5.559 0.005 25.234 -33.586
36.196 41.754 0.800 -169.800 5.565 0.005 25.391 -33.724
36.405 41.754 -0.070 -174.057 5.572 0.005 25.549 -33.861
36.613 41.749 -0.961 -178.176 5.579 0.005 25.708 -33.997
36.822 41.740 -1.872 -182.165 5.586 0.005 25.867 -34.131
37.031 41.726 -2.802 -185.951 5.593 0.005 26.028 -34.265
37.239 41.707 -3.750 -189.577 5.600 0.005 26.189 -34.397
37.448 41.683 -4.714 -192.981 5.606 0.005 26.351 -34.528
37.656 41.655 -5.695 -196.197 5.613 0.005 26.514 -34.658
37.864 41.621 -6.691 -199.161 5.620 0.005 26.677 -34.787
38.072 41.583 -7.701 -201.909 5.627 0.005 26.842 -34.914
38.280 41.539 -8.723 -204.387 5.634 0.005 27.007 -35.040
38.487 41.491 -9.756 -206.617 5.641 0.005 27.172 -35.165
38.694 41.437 -10.799 -208.581 5.649 0.005 27.339 -35.288
38.901 41.377 -11.850 -210.245 5.656 0.005 27.506 -35.410
39.108 41.313 -12.908 -211.644 5.663 0.005 27.673 -35.531
39.314 41.243 -13.972 -212.728 5.670 0.005 27.842 -35.650
39.520 41.168 -15.039 -213.534 5.677 0.005 28.010 -35.768
39.725 41.087 -16.110 -214.014 5.684 0.005 28.180 -35.885
39.930 41.001 -17.181 -214.200 5.691 0.005 28.349 -36.000
40.135 40.910 -18.251 -214.074 5.698 0.005 28.520 -36.113
40.339 40.813 -19.319 -213.629 5.706 0.005 28.690 -36.225
40.542 40.712 -20.383 -212.887 5.713 0.005 28.861 -36.336
40.745 40.604 -21.443 -211.827 5.720 0.005 29.032 -36.445
40.948 40.492 -22.495 -210.464 5.727 0.005 29.204 -36.552
41.150 40.374 -23.539 -208.801 5.734 0.005 29.376 -36.658
41.351 40.251 -24.573 -206.842 5.741 0.005 29.548 -36.763
41.552 40.123 -25.596 -204.593 5.748 0.005 29.720 -36.866
41.751 39.990 -26.606 -202.062 5.755 0.005 29.892 -36.967
41.951 39.852 -27.603 -199.259 5.762 0.005 30.065 -37.067
42.149 39.709 -28.584 -196.192 5.769 0.005 30.237 -37.165
42.347 39.562 -29.548 -192.871 5.777 0.005 30.410 -37.261
42.544 39.409 -30.495 -189.314 5.784 0.005 30.583 -37.356
42.740 39.252 -31.422 -185.515 5.790 0.005 30.755 -37.450
42.936 39.090 -32.330 -181.516 5.797 0.005 30.928 -37.542
43.130 38.924 -33.216 -177.301 5.804 0.005 31.100 -37.632
43.324 38.754 -34.081 -172.901 5.811 0.005 31.272 -37.721
43.517 38.579 -34.922 -168.328 5.818 0.005 31.445 -37.808
43.709 38.401 -35.740 -163.592 5.825 0.005 31.616 -37.893
43.900 38.218 -36.534 -158.712 5.832 0.005 31.788 -37.977
44.090 38.031 -37.302 -153.701 5.838 0.005 31.959 -38.060
44.280 37.841 -38.045 -148.575 5.845 0.005 32.131 -38.140
44.468 37.647 -38.762 -143.348 5.852 0.005 32.301 -38.220
44.655 37.450 -39.452 -138.037 5.858 0.005 32.472 -38.298
44.841 37.250 -40.115 -132.658 5.865 0.005 32.642 -38.374
45.027 37.046 -40.752 -127.221 5.871 0.005 32.811 -38.448
45.211 36.839 -41.360 -121.736 5.878 0.005 32.980 -38.522
45.394 36.629 -41.941 -116.234 5.884 0.005 33.149 -38.593
45.576 36.417 -42.495 -110.714 5.891 0.005 33.317 -38.663
45.757 36.202 -43.021 -105.196 5.897 0.005 33.484 -38.732
45.937 35.984 -43.519 -99.689 5.903 0.005 33.651 -38.799
46.116 35.764 -43.990 -94.195 5.909 0.005 33.817 -38.865
46.293 35.542 -44.434 -88.751 5.916 0.005 33.983 -38.930
46.470 35.318 -44.851 -83.347 5.922 0.005 34.148 -38.993
46.645 35.091 -45.241 -78.000 5.928 0.005 34.312 -39.054
46.820 34.863 -45.605 -72.718 5.934 0.005 34.476 -39.114
46.993 34.634 -45.942 -67.512 5.940 0.005 34.639 -39.173
47.165 34.402 -46.254 -62.388 5.945 0.005 34.801 -39.231
47.336 34.170 -46.541 -57.354 5.951 0.005 34.962 -39.287
47.506 33.936 -46.803 -52.418 5.957 0.005 35.123 -39.342
47.674 33.701 -47.041 -47.586 5.963 0.005 35.282 -39.395
47.841 33.464 -47.255 -42.863 5.968 0.005 35.441 -39.447
48.007 33.227 -47.446 -38.254 5.974 0.005 35.600 -39.498
48.172 32.989 -47.615 -33.778 5.979 0.005 35.757 -39.548
48.336 32.750 -47.762 -29.385 5.985 0.005 35.913 -39.597
48.499 32.511 -47.888 -25.152 5.990 0.005 36.069 -39.644
48.660 32.271 -47.993 -21.060 5.995 0.005 36.223 -39.690
48.820 32.030 -48.078 -17.043 6.001 0.005 36.377 -39.735
48.979 31.790 -48.145 -13.217 6.006 0.005 36.530 -39.779
49.137 31.549 -48.192 -9.485 6.011 0.005 36.681 -39.822
49.293 31.308 -48.222 -5.912 6.016 0.005 36.832 -39.864
49.449 31.066 -48.234 -2.440 6.021 0.005 36.982 -39.905
49.603 30.825 -48.230 0.839 6.026 0.005 37.131 -39.944
49.756 30.584 -48.209 4.067 6.031 0.005 37.279 -39.983
49.908 30.343 -48.174 7.098 6.036 0.005 37.426 -40.020
50.058 30.103 -48.124 10.011 6.040 0.005 37.572 -40.057
50.207 29.862 -48.060 12.810 6.045 0.005 37.717 -40.092
50.355 29.623 -47.982 15.481 6.049 0.005 37.861 -40.127
50.502 29.383 -47.892 18.011 6.054 0.005 38.004 -40.161
50.648 29.144 -47.790 20.425 6.058 0.005 38.146 -40.193
50.793 28.906 -47.676 22.718 6.063 0.005 38.287 -40.225
50.936 28.668 -47.552 24.892 6.067 0.005 38.427 -40.256
51.078 28.431 -47.417 26.951 6.072 0.005 38.566 -40.287
51.219 28.195 -47.273 28.896 6.076 0.005 38.704 -40.316
51.359 27.959 -47.119 30.731 6.080 0.005 38.841 -40.344
51.498 27.724 -46.957 32.459 6.084 0.005 38.977 -40.372
51.635 27.490 -46.786 34.083 6.088 0.005 39.111 -40.399
51.771 27.257 -46.608 35.607 6.092 0.005 39.245 -40.425
51.906 27.025 -46.423 37.033 6.096 0.005 39.378 -40.451
52.040 26.794 -46.231 38.364 6.100 0.005 39.510 -40.475
52.173 26.564 -46.033 39.604 6.104 0.005 39.640 -40.499
52.305 26.335 -45.830 40.756 6.107 0.005 39.770 -40.522
52.435 26.106 -45.620 41.824 6.111 0.005 39.898 -40.545
52.565 25.879 -45.406 42.811 6.115 0.005 40.026 -40.567
52.693 25.653 -45.188 43.719 6.118 0.005 40.152 -40.588
52.820 25.429 -44.965 44.552 6.122 0.005 40.278 -40.609
52.946 25.205 -44.738 45.313 6.125 0.005 40.402 -40.629
53.071 24.982 -44.508 46.005 6.129 0.005 40.526 -40.648
53.195 24.761 -44.275 46.632 6.132 0.005 40.648 -40.667
53.318 24.541 -44.039 47.185 6.135 0.005 40.769 -40.686
53.439 24.322 -43.801 47.705 6.139 0.005 40.890 -40.703
53.560 24.104 -43.560 48.146 6.142 0.005 41.009 -40.720
53.679 23.887 -43.317 48.537 6.145 0.005 41.127 -40.737
53.798 23.672 -43.073 48.862 6.148 0.005 41.244 -40.753
53.915 23.458 -42.827 49.171 6.151 0.005 41.361 -40.769
54.031 23.245 -42.580 49.418 6.154 0.005 41.476 -40.784
54.146 23.033 -42.332 49.586 6.157 0.005 41.590 -40.799
54.260 22.823 -42.083 49.790 6.160 0.005 41.703 -40.813
54.373 22.614 -41.834 49.867 6.163 0.005 41.816 -40.827
54.485 22.406 -41.584 49.968 6.165 0.005 41.927 -40.840
54.596 22.199 -41.334 50.015 6.168 0.005 42.037 -40.853
54.706 21.994 -41.084 50.018 6.171 0.005 42.146 -40.865
54.815 21.790 -40.834 50.000 6.173 0.005 42.255 -40.878
54.923 21.587 -40.584 49.953 6.176 0.005 42.362 -40.889
55.030 21.385 -40.335 49.878 6.178 0.005 42.468 -40.901
55.136 21.185 -40.086 49.778 6.181 0.005 42.574 -40.911
55.241 20.985 -39.838 49.654 6.183 0.005 42.678 -40.922
55.345 20.787 -39.590 49.487 6.186 0.005 42.781 -40.932
55.448 20.591 -39.343 49.347 6.188 0.005 42.884 -40.942
55.550 20.395 -39.098 49.130 6.191 0.005 42.985 -40.952
55.651 20.201 -38.853 48.950 6.193 0.005 43.086 -40.961
55.751 20.008 -38.610 48.707 6.195 0.005 43.186 -40.970
55.850 19.816 -38.367 48.471 6.197 0.005 43.284 -40.979
55.948 19.625 -38.126 48.220 6.199 0.005 43.382 -40.987
56.045 19.436 -37.886 47.957 6.201 0.005 43.479 -40.995
56.142 19.248 -37.648 47.681 6.204 0.005 43.575 -41.003
56.237 19.061 -37.411 47.373 6.206 0.005 43.670 -41.010
56.331 18.875 -37.175 47.102 6.208 0.005 43.764 -41.017
56.425 18.690 -36.942 46.757 6.209 0.005 43.857 -41.024
56.517 18.507 -36.709 46.476 6.211 0.005 43.950 -41.031
56.609 18.324 -36.479 46.135 6.213 0.005 44.041 -41.038
56.700 18.143 -36.250 45.808 6.215 0.005 44.131 -41.044
56.789 17.963 -36.022 45.456 6.217 0.005 44.221 -41.050
56.878 17.784 -35.797 45.145 6.219 0.005 44.310 -41.056
56.966 17.606 -35.573 44.768 6.220 0.005 44.398 -41.061
57.054 17.429 -35.351 44.441 6.222 0.005 44.485 -41.067
57.140 17.254 -35.130 44.073 6.224 0.005 44.571 -41.072
57.225 17.079 -34.912 43.721 6.225 0.005 44.656 -41.077
57.310 16.906 -34.695 43.368 6.227 0.005 44.740 -41.082
57.393 16.733 -34.480 42.992 6.229 0.005 44.824 -41.086
57.476 16.562 -34.267 42.656 6.230 0.005 44.907 -41.091
57.558 16.392 -34.055 42.264 6.232 0.005 44.988 -41.095
57.639 16.222 -33.846 41.924 6.233 0.005 45.069 -41.099
57.720 16.054 -33.638 41.548 6.234 0.005 45.150 -41.103
57.799 15.887 -33.432 41.192 6.236 0.005 45.229 -41.107
57.878 15.721 -33.228 40.834 6.237 0.005 45.307 -41.111
57.955 15.556 -33.025 40.459 6.239 0.005 45.385 -41.114
58.032 15.392 -32.825 40.103 6.240 0.005 45.462 -41.118
58.108 15.228 -32.626 39.748 6.241 0.005 45.538 -41.121
58.184 15.066 -32.429 39.382 6.242 0.005 45.613 -41.124
58.258 14.905 -32.234 39.044 6.244 0.005 45.688 -41.127
58.332 14.745 -32.041 38.656 6.245 0.005 45.761 -41.130
58.405 14.586 -31.849 38.335 6.246 0.005 45.834 -41.133
58.477 14.427 -31.659 37.971 6.247 0.005 45.906 -41.135
58.548 14.270 -31.471 37.613 6.248 0.005 45.978 -41.138
58.619 14.114 -31.285 37.289 6.249 0.005 46.048 -41.140
58.689 13.958 -31.100 36.920 6.250 0.005 46.118 -41.142
58.758 13.804 -30.917 36.600 6.251 0.005 46.187 -41.145
58.826 13.650 -30.736 36.253 6.252 0.005 46.255 -41.147
58.894 13.497 -30.556 35.904 6.253 0.005 46.323 -41.149
58.960 13.345 -30.378 35.598 6.254 0.005 46.389 -41.151
59.026 13.194 -30.202 35.242 6.255 0.005 46.455 -41.153
59.091 13.044 -30.028 34.920 6.256 0.005 46.521 -41.154
59.156 12.895 -29.855 34.601 6.257 0.005 46.585 -41.156
59.220 12.746 -29.683 34.282 6.258 0.005 46.649 -41.158
59.283 12.599 -29.513 33.942 6.259 0.005 46.712 -41.159
59.345 12.452 -29.345 33.645 6.260 0.005 46.774 -41.161
59.406 12.306 -29.179 33.319 6.260 0.005 46.835 -41.162
59.467 12.161 -29.014 33.008 6.261 0.005 46.896 -41.164
59.527 12.017 -28.850 32.703 6.262 0.005 46.956 -41.165
59.587 11.873 -28.688 32.391 6.263 0.005 47.016 -41.166
59.645 11.731 -28.528 32.087 6.263 0.005 47.074 -41.167
59.703 11.589 -28.369 31.790 6.264 0.005 47.132 -41.168
59.761 11.448 -28.211 31.474 6.265 0.005 47.189 -41.170
59.817 11.308 -28.055 31.199 6.266 0.005 47.246 -41.171
59.873 11.168 -27.901 30.891 6.266 0.005 47.302 -41.172
59.928 11.029 -27.748 30.597 6.267 0.005 47.357 -41.172
59.983 10.891 -27.596 30.309 6.267 0.005 47.411 -41.173
60.036 10.754 -27.446 30.017 6.268 0.005 47.465 -41.174
60.089 10.618 -27.298 29.736 6.269 0.005 47.518 -41.175
60.142 10.482 -27.150 29.440 6.269 0.005 47.571 -41.176
60.194 10.347 -27.005 29.172 6.270 0.005 47.622 -41.176
60.245 10.213 -26.860 28.871 6.270 0.005 47.673 -41.177
60.295 10.079 -26.717 28.606 6.271 0.005 47.724 -41.178
60.345 9.946 -26.576 28.317 6.271 0.005 47.774 -41.178
60.394 9.814 -26.435 28.051 6.272 0.005 47.823 -41.179
60.442 9.682 -26.296 27.762 6.272 0.005 47.871 -41.179
60.490 9.552 -26.159 27.491 6.273 0.005 47.919 -41.180
60.537 9.422 -26.023 27.222 6.273 0.005 47.966 -41.180
60.584 9.292 -25.888 26.944 6.274 0.005 48.012 -41.181
60.629 9.163 -25.755 26.674 6.274 0.005 48.058 -41.181
60.675 9.035 -25.623 26.401 6.274 0.005 48.103 -41.182
60.719 8.908 -25.492 26.134 6.275 0.005 48.148 -41.182
60.763 8.781 -25.363 25.855 6.275 0.005 48.192 -41.182
60.806 8.655 -25.235 25.596 6.275 0.005 48.235 -41.183
60.849 8.529 -25.108 25.322 6.276 0.005 48.278 -41.183
60.891 8.404 -24.983 25.049 6.276 0.005 48.320 -41.183
60.932 8.280 -24.859 24.790 6.276 0.005 48.361 -41.184
60.973 8.156 -24.737 24.514 6.277 0.005 48.402 -41.184
61.013 8.033 -24.615 24.248 6.277 0.005 48.442 -41.184
61.053 7.911 -24.495 23.977 6.277 0.005 48.482 -41.184
61.092 7.789 -24.377 23.712 6.278 0.005 48.521 -41.185
61.130 7.668 -24.260 23.438 6.278 0.005 48.559 -41.185
61.168 7.547 -24.144 23.173 6.278 0.005 48.597 -41.185
61.205 7.427 -24.029 22.899 6.278 0.005 48.634 -41.185
61.242 7.307 -23.916 22.631 6.279 0.005 48.670 -41.185
61.277 7.188 -23.804 22.358 6.279 0.005 48.706 -41.186
61.313 7.070 -23.694 22.089 6.279 0.005 48.742 -41.186
61.348 6.952 -23.585 21.809 6.279 0.005 48.776 -41.186
61.382 6.834 -23.477 21.545 6.280 0.005 48.811 -41.186
61.415 6.718 -23.371 21.266 6.280 0.005 48.844 -41.186
61.448 6.601 -23.266 20.987 6.280 0.005 48.877 -41.186
61.481 6.485 -23.162 20.717 6.280 0.005 48.910 -41.186
61.513 6.370 -23.060 20.435 6.280 0.005 48.941 -41.186
61.544 6.255 -22.959 20.158 6.280 0.005 48.973 -41.187
61.575 6.141 -22.860 19.873 6.281 0.005 49.003 -41.187
61.605 6.027 -22.762 19.598 6.281 0.005 49.034 -41.187
61.634 5.914 -22.665 19.311 6.281 0.005 49.063 -41.187
61.663 5.801 -22.570 19.027 6.281 0.005 49.092 -41.187
61.692 5.689 -22.477 18.740 6.281 0.005 49.121 -41.187
61.720 5.577 -22.384 18.454 6.281 0.005 49.148 -41.187
61.747 5.465 -22.293 18.163 6.281 0.005 49.176 -41.187
61.774 5.354 -22.204 17.873 6.281 0.005 49.202 -41.187
61.800 5.244 -22.116 17.580 6.282 0.005 49.229 -41.187
61.826 5.133 -22.030 17.286 6.282 0.005 49.254 -41.187
61.851 5.024 -21.945 16.989 6.282 0.005 49.280 -41.187
61.875 4.914 -21.861 16.690 6.282 0.005 49.304 -41.187
61.899 4.806 -21.779 16.392 6.282 0.005 49.328 -41.187
61.923 4.697 -21.699 16.090 6.282 0.005 49.352 -41.187
61.946 4.589 -21.620 15.783 6.282 0.005 49.375 -41.187
61.968 4.481 -21.543 15.482 6.282 0.005 49.397 -41.187
61.990 4.374 -21.467 15.171 6.282 0.005 49.419 -41.187
62.011 4.267 -21.392 14.863 6.282 0.005 49.440 -41.187
62.032 4.160 -21.320 14.552 6.282 0.005 49.461 -41.187
62.052 4.054 -21.249 14.238 6.282 0.005 49.481 -41.187
62.072 3.949 -21.116 26.545 6.283 0.005 49.501 -41.187
62.091 3.844 -20.857 51.754 6.283 0.005 49.520 -41.187
62.110 3.742 -20.536 64.229 6.283 0.005 49.539 -41.187
62.128 3.640 -20.217 63.699 6.283 0.005 49.557 -41.187
62.146 3.541 -19.901 63.181 6.283 0.005 49.575 -41.187
62.163 3.443 -19.588 62.674 6.283 0.005 49.592 -41.187
62.180 3.347 -19.277 62.181 6.283 0.005 49.609 -41.187
62.196 3.252 -18.969 61.698 6.283 0.005 49.625 -41.187
62.212 3.158 -18.663 61.226 6.283 0.005 49.641 -41.187
62.227 3.067 -18.359 60.769 6.283 0.005 49.656 -41.187
62.242 2.976 -18.057 60.320 6.283 0.005 49.671 -41.187
62.257 2.888 -17.758 59.883 6.283 0.005 49.685 -41.187
62.271 2.800 -17.460 59.459 6.283 0.005 49.699 -41.187
62.284 2.714 -17.165 59.045 6.283 0.005 49.713 -41.187
62.297 2.630 -16.872 58.643 6.283 0.005 49.726 -41.187
62.310 2.547 -16.581 58.251 6.283 0.005 49.739 -41.187
62.322 2.466 -16.291 57.870 6.283 0.005 49.751 -41.187
62.334 2.386 -16.004 57.500 6.283 0.005 49.763 -41.187
62.346 2.307 -15.718 57.142 6.283 0.005 49.775 -41.187
62.357 2.230 -15.434 56.792 6.283 0.005 49.786 -41.187
62.368 2.154 -15.152 56.456 6.283 0.005 49.797 -41.187
62.378 2.080 -14.871 56.127 6.283 0.005 49.807 -41.187
62.388 2.007 -14.592 55.810 6.283 0.005 49.817 -41.187
62.398 1.935 -14.315 55.504 6.283 0.005 49.827 -41.187
62.407 1.865 -14.039 55.206 6.283 0.005 49.836 -41.187
62.416 1.796 -13.764 54.918 6.283 0.005 49.845 -41.187
62.425 1.729 -13.491 54.642 6.283 0.005 49.854 -41.187
62.433 1.663 -13.219 54.373 6.283 0.005 49.862 -41.187
62.441 1.598 -12.948 54.115 6.283 0.005 49.870 -41.187
62.449 1.535 -12.679 53.867 6.283 0.005 49.878 -41.187
62.456 1.473 -12.411 53.626 6.283 0.005 49.885 -41.187
62.463 1.412 -12.144 53.396 6.283 0.005 49.892 -41.187
62.470 1.352 -11.878 53.174 6.283 0.005 49.899 -41.187
62.477 1.294 -11.613 52.962 6.283 0.005 49.905 -41.187
62.483 1.238 -11.350 52.757 6.283 0.005 49.912 -41.187
62.489 1.182 -11.087 52.562 6.283 0.005 49.917 -41.187
62.494 1.128 -10.825 52.374 6.283 0.005 49.923 -41.187
62.500 1.075 -10.564 52.195 6.283 0.005 49.928 -41.187
62.505 1.024 -10.304 52.024 6.283 0.005 49.934 -41.187
62.510 0.974 -10.044 51.861 6.283 0.005 49.938 -41.187
62.514 0.925 -9.786 51.705 6.283 0.005 49.943 -41.187
62.519 0.877 -9.528 51.557 6.283 0.005 49.947 -41.187
62.523 0.831 -9.271 51.416 6.283 0.005 49.952 -41.187
62.527 0.786 -9.015 51.282 6.283 0.005 49.956 -41.187
62.530 0.742 -8.759 51.156 6.283 0.005 49.959 -41.187
62.534 0.699 -8.504 51.035 6.283 0.005 49.963 -41.187
62.537 0.658 -8.249 50.923 6.283 0.005 49.966 -41.187
62.540 0.618 -7.995 50.816 6.283 0.005 49.969 -41.187
62.543 0.579 -7.741 50.715 6.283 0.005 49.972 -41.187
62.546 0.542 -7.488 50.621 6.283 0.005 49.975 -41.187
62.548 0.506 -7.236 50.533 6.283 0.005 49.977 -41.187
62.551 0.471 -6.983 50.450 6.283 0.005 49.980 -41.187
62.553 0.437 -6.732 50.373 6.283 0.005 49.982 -41.187
62.555 0.405 -6.480 50.301 6.283 0.005 49.984 -41.187
62.557 0.374 -6.229 50.234 6.283 0.005 49.986 -41.187
62.559 0.344 -5.978 50.173 6.283 0.005 49.987 -41.187
62.560 0.315 -5.727 50.116 6.283 0.005 49.989 -41.187
62.562 0.288 -5.477 50.064 6.283 0.005 49.990 -41.187
62.563 0.262 -5.227 50.016 6.283 0.005 49.992 -41.187
62.564 0.237 -4.977 49.972 6.283 0.005 49.993 -41.187
62.565 0.213 -4.728 49.933 6.283 0.005 49.994 -41.187
62.566 0.191 -4.478 49.897 6.283 0.005 49.995 -41.187
62.567 0.169 -4.229 49.865 6.283 0.005 49.996 -41.187
62.568 0.150 -3.980 49.837 6.283 0.005 49.996 -41.187
62.568 0.131 -3.730 49.811 6.283 0.005 49.997 -41.187
62.569 0.113 -3.482 49.789 6.283 0.005 49.998 -41.187
62.569 0.097 -3.233 49.770 6.283 0.005 49.998 -41.187
62.570 0.082 -2.984 49.753 6.283 0.005 49.999 -41.187
62.570 0.069 -2.735 49.739 6.283 0.005 49.999 -41.187
62.570 0.056 -2.487 49.727 6.283 0.005 49.999 -41.187
62.571 0.045 -2.238 49.717 6.283 0.005 49.999 -41.187
62.571 0.035 -1.989 49.709 6.283 0.005 50.000 -41.188
62.571 0.026 -1.741 49.702 6.283 0.005 50.000 -41.188
62.571 0.019 -1.492 49.697 6.283 0.005 50.000 -41.188
62.571 0.013 -1.244 49.694 6.283 0.005 50.000 -41.188
62.571 0.008 -0.996 49.691 6.283 0.005 50.000 -41.188
62.571 0.004 -0.747 49.690 6.283 0.005 50.000 -41.188
62.571 0.002 -0.499 49.689 6.283 0.005 50.000 -41.188
62.571 0.000 -0.250 49.688 6.283 0.005 50.000 -41.188
62.571 0.000 -0.063 37.443 6.283 0.005 50.000 -41.188
